1563368478.760166 0.0000000 0.0000000 0.0000000 0.0000000 0.0000000 0.0000000 1.0000000 1.0000000 0.0000000 0.0000000 0.0000000 0.0000000 1.0000000 0.0000000 0.0000000 0.0000000 0.0000000 1.0000000 0.0000000 0.0000000 0.0000000 0.0000000 1.0000000
1563368479.760165 0.0139656 -0.0030596 -0.0101577 -0.0109114 0.0390750 0.0121676 0.9991026 0.9966502 0.0234606 -0.0783453 -0.0146428 -0.0251661 0.9994658 -0.0208524 0.0031976 0.0778143 0.0227542 0.9967082 0.0091071 0.0000000 0.0000000 0.0000000 1.0000000
1563368479.793498 0.0138754 -0.0030410 -0.0102763 -0.0109486 0.0390783 0.0120296 0.9991037 0.9966564 0.0231820 -0.0783499 -0.0145637 -0.0248934 0.9994708 -0.0209374 0.0031697 0.0778231 0.0228178 0.9967060 0.0092321 0.0000000 0.0000000 0.0000000 1.0000000
1563368481.926829 0.0361187 0.0018721 0.0319661 -0.0146393 0.0529282 0.0356892 0.9978530 0.9918498 0.0696755 -0.1066740 -0.0325448 -0.0727749 0.9970239 -0.0254378 0.0015752 0.1045842 0.0329936 0.9939686 -0.0356125 0.0000000 0.0000000 0.0000000 1.0000000
1563368482.360162 0.0369548 0.0022370 0.0335268 -0.0127782 0.0773796 0.0367155 0.9962435 0.9853287 0.0711775 -0.1551161 -0.0313713 -0.0751326 0.9969774 -0.0197784 0.0012094 0.1532395 0.0311425 0.9876983 -0.0388469 0.0000000 0.0000000 0.0000000 1.0000000
1563368483.460161 0.0162555 0.0032898 -0.0017114 -0.0148234 0.1332085 0.0384752 0.9902300 0.9615504 0.0722493 -0.2649547 -0.0163216 -0.0801478 0.9965999 -0.0191068 -0.0020084 0.2626734 0.0396076 0.9640715 -0.0027503 0.0000000 0.0000000 0.0000000 1.0000000
1563368489.293489 0.1234810 -0.0048040 0.0473779 -0.0490374 0.2801706 0.0675085 0.9563171 0.8338941 0.1016415 -0.5424847 -0.0767800 -0.1565968 0.9860759 -0.0559628 0.0267253 0.5292429 0.1316184 0.8381996 -0.1044313 0.0000000 0.0000000 0.0000000 1.0000000
1563368490.426821 0.1692292 -0.0066657 0.0163141 -0.0264837 0.3404215 0.0775065 0.9366987 0.7562119 0.1271692 -0.6418502 -0.1166542 -0.1632318 0.9865827 0.0031552 0.0341484 0.6336395 0.1023843 0.7668236 -0.1190579 0.0000000 0.0000000 0.0000000 1.0000000
1563368490.926821 0.1897111 -0.0000156 0.0114244 -0.0201496 0.3693531 0.0871494 0.9249742 0.7119666 0.1463373 -0.6867961 -0.1272194 -0.1761065 0.9839979 0.0271022 0.0331151 0.6797721 0.1016534 0.7263446 -0.1372568 0.0000000 0.0000000 0.0000000 1.0000000
1563368491.126821 0.1989362 0.0034698 0.0167164 -0.0190587 0.3727442 0.0886218 0.9234959 0.7064159 0.1494757 -0.6918335 -0.1294854 -0.1778918 0.9835659 0.0308652 0.0314604 0.6850774 0.1012678 0.7213971 -0.1486972 0.0000000 0.0000000 0.0000000 1.0000000
1563368491.360154 0.2184027 0.0127559 0.0241271 -0.0181207 0.3737720 0.0901849 0.9229479 0.7043224 0.1529260 -0.6932126 -0.1390514 -0.1800181 0.9830766 0.0339682 0.0259569 0.6866757 0.1008662 0.7199323 -0.1686284 0.0000000 0.0000000 0.0000000 1.0000000
1563368491.560153 0.2181610 0.0125031 0.0234745 -0.0207446 0.3816022 0.0974478 0.9189414 0.6897674 0.1632654 -0.7053832 -0.1359632 -0.1949301 0.9801472 0.0362465 0.0294204 0.6972972 0.1124987 0.7078988 -0.1701472 0.0000000 0.0000000 0.0000000 1.0000000
1563368492.693486 0.2286597 0.0004372 -0.0013993 -0.0279122 0.4196775 0.1122446 0.9002738 0.6225439 0.1786734 -0.7619152 -0.1434950 -0.2255299 0.9732441 0.0439558 0.0512056 0.7493833 0.1444703 0.6461835 -0.1705127 0.0000000 0.0000000 0.0000000 1.0000000
1563368493.226819 0.2482865 -0.0031034 0.0098170 -0.0242554 0.4525177 0.1197711 0.8833427 0.5617652 0.1896459 -0.8052666 -0.1309849 -0.2335499 0.9701331 0.0655454 0.0603545 0.7936462 0.1512488 0.5892788 -0.2023672 0.0000000 0.0000000 0.0000000 1.0000000
1563368494.993484 0.2881349 -0.0015561 0.0193807 -0.0216618 0.5351345 0.1463988 0.8317026 0.3843969 0.2203366 -0.8964880 -0.0930408 -0.2667044 0.9561963 0.1206538 0.0759965 0.8838030 0.1927184 0.4263237 -0.2626170 0.0000000 0.0000000 0.0000000 1.0000000
1563368495.526816 0.2966779 -0.0009999 0.0082364 -0.0271542 0.5699179 0.1513631 0.8071836 0.3045655 0.2134043 -0.9282771 -0.0824988 -0.2753069 0.9527037 0.1286923 0.0815701 0.9118366 0.2163659 0.3489124 -0.2731792 0.0000000 0.0000000 0.0000000 1.0000000
1563368495.693483 0.2998237 -0.0003020 0.0029827 -0.0308206 0.5819043 0.1527617 0.7981863 0.2761026 0.2079953 -0.9383525 -0.0799204 -0.2797338 0.9514279 0.1285842 0.0837746 0.9195197 0.2269865 0.3208750 -0.2765823 0.0000000 0.0000000 0.0000000 1.0000000
1563368501.393477 0.3007505 0.0055236 -0.0297436 -0.0248671 0.6448318 0.1855720 0.7410375 0.0995099 0.2429615 -0.9649184 -0.0599698 -0.3071018 0.9298893 0.2024706 0.0932469 0.9464599 0.2761803 0.1671471 -0.2812023 0.0000000 0.0000000 0.0000000 1.0000000
1563368502.593476 0.3024747 0.0041585 -0.0170945 -0.0155611 0.6516327 0.2035339 0.7305523 0.0678975 0.2771041 -0.9584379 -0.0380736 -0.3176645 0.9166636 0.2425224 0.0964193 0.9457691 0.2879950 0.1502653 -0.2847002 0.0000000 0.0000000 0.0000000 1.0000000
1563368503.293476 0.3021899 0.0132651 -0.0564693 -0.0186509 0.6541827 0.2054550 0.7276575 0.0596666 0.2745996 -0.9597057 -0.0758672 -0.3234039 0.9148808 0.2416672 0.0992403 0.9443780 0.2959531 0.1433944 -0.2812100 0.0000000 0.0000000 0.0000000 1.0000000
1563368504.226808 0.3235449 0.0377283 -0.1130780 -0.0196299 0.6592201 0.2208228 0.7185268 0.0333323 0.2914534 -0.9560041 -0.1298836 -0.3432150 0.9017039 0.2629325 0.1067576 0.9386652 0.3193508 0.1300871 -0.3010389 0.0000000 0.0000000 0.0000000 1.0000000
1563368504.460141 0.3224073 0.0387835 -0.1245025 -0.0206487 0.6625596 0.2239898 0.7144347 0.0216866 0.2926901 -0.9559614 -0.1373631 -0.3474141 0.8988044 0.2673088 0.1104307 0.9374610 0.3263175 0.1211767 -0.2998132 0.0000000 0.0000000 0.0000000 1.0000000
1563368505.193474 0.2876067 0.0383347 -0.1663358 -0.0220291 0.6548216 0.2164012 0.7238052 0.0487586 0.2844144 -0.9574608 -0.1841862 -0.3421148 0.9053705 0.2515188 0.1055240 0.9383923 0.3152978 0.1414470 -0.2584471 0.0000000 0.0000000 0.0000000 1.0000000
1563368506.560139 0.3299006 0.0560778 -0.1845818 -0.0198715 0.6335444 0.2219354 0.7409260 0.0987324 0.3036965 -0.9476393 -0.2245194 -0.3540544 0.9006996 0.2517653 0.1127648 0.9299986 0.3106585 0.1964533 -0.2879664 0.0000000 0.0000000 0.0000000 1.0000000
1563368507.093472 0.3370664 0.0590382 -0.1841241 -0.0187316 0.6419998 0.2374438 0.7287701 0.0629134 0.3220325 -0.9446359 -0.2141484 -0.3701352 0.8865392 0.2775757 0.1235288 0.9268451 0.3321798 0.1749708 -0.2998033 0.0000000 0.0000000 0.0000000 1.0000000
1563368508.993470 0.3060153 0.0610797 -0.2876770 -0.0432816 0.6221963 0.2314568 0.7466098 0.1185989 0.2917565 -0.9491114 -0.3271510 -0.3994751 0.8891089 0.2233942 0.1322044 0.9090401 0.3526521 0.2219968 -0.2358567 0.0000000 0.0000000 0.0000000 1.0000000
1563368509.626803 0.2925766 0.0687215 -0.3207159 -0.0455853 0.6161307 0.2289667 0.7522495 0.1359145 0.2883072 -0.9478430 -0.3635666 -0.4006532 0.8909925 0.2135638 0.1244848 0.9060929 0.3507299 0.2366100 -0.2133196 0.0000000 0.0000000 0.0000000 1.0000000
1563368509.960136 0.2981605 0.0686189 -0.3263130 -0.0408481 0.5930178 0.2293521 0.7707522 0.1914549 0.3051000 -0.9328768 -0.3824297 -0.4019945 0.8914581 0.2090523 0.1269045 0.8954024 0.3349873 0.2933226 -0.1942451 0.0000000 0.0000000 0.0000000 1.0000000
1563368512.326800 0.3580316 0.0747786 -0.3005511 -0.0284879 0.5383517 0.2182374 0.8134730 0.3250997 0.3243876 -0.8883033 -0.4076338 -0.3857335 0.9031217 0.1886288 0.1272632 0.8634349 0.2813252 0.4187318 -0.2043238 0.0000000 0.0000000 0.0000000 1.0000000
1563368512.760133 0.3562611 0.0739755 -0.3029163 -0.0322808 0.5289083 0.2145478 0.8204774 0.3484505 0.3179162 -0.8817661 -0.4147587 -0.3862104 0.9058543 0.1739810 0.1232823 0.8540631 0.2799235 0.4384280 -0.1921699 0.0000000 0.0000000 0.0000000 1.0000000
1563368514.326798 0.3258951 0.0827752 -0.3988295 -0.0524469 0.4992635 0.2003617 0.8413326 0.4211823 0.2847719 -0.8611100 -0.5042694 -0.3895112 0.9142091 0.1118160 0.0958614 0.8190766 0.2883171 0.4959705 -0.0929909 0.0000000 0.0000000 0.0000000 1.0000000
1563368514.626798 0.3217342 0.0839275 -0.4162487 -0.0516293 0.4980483 0.2007773 0.8420040 0.4232727 0.2866828 -0.8594493 -0.5179866 -0.3895384 0.9140458 0.1130494 0.0956709 0.8179854 0.2869378 0.4985646 -0.0797290 0.0000000 0.0000000 0.0000000 1.0000000
1563368514.960131 0.3163011 0.0857496 -0.4253357 -0.0521330 0.5053350 0.1989145 0.8380643 0.4101392 0.2807170 -0.8677464 -0.5228824 -0.3860955 0.9154304 0.1136554 0.0919663 0.8262663 0.2884184 0.4838375 -0.0802874 0.0000000 0.0000000 0.0000000 1.0000000
1563368529.493451 0.2936216 0.1122444 -0.5551111 -0.0210682 0.7259086 0.2342451 0.6463296 -0.1636283 0.2722119 -0.9482228 -0.5088784 -0.3333863 0.8893707 0.3128471 0.1717274 0.9284823 0.3673151 -0.0547745 -0.3442574 0.0000000 0.0000000 0.0000000 1.0000000
1563368530.293450 0.2986327 0.1087419 -0.5541037 -0.0043395 0.7488423 0.2235970 0.6238756 -0.2215209 0.2724943 -0.9363094 -0.4822907 -0.2854927 0.8999711 0.3294633 0.1699497 0.9324282 0.3402925 -0.1215673 -0.3828185 0.0000000 0.0000000 0.0000000 1.0000000
1563368530.826783 0.2971410 0.1152840 -0.5792440 0.0015339 0.7440661 0.2166752 0.6319929 -0.2011651 0.2761570 -0.9398244 -0.5164497 -0.2715919 0.9060990 0.3243802 0.1641376 0.9411538 0.3205026 -0.1072735 -0.3787418 0.0000000 0.0000000 0.0000000 1.0000000
1563368531.893448 0.2733376 0.1319452 -0.6513031 -0.0087596 0.7260668 0.2067174 0.6557577 -0.1398103 0.2583929 -0.9558693 -0.6184389 -0.2838332 0.9143823 0.2886930 0.1449606 0.9486263 0.3116697 -0.0544996 -0.3359143 0.0000000 0.0000000 0.0000000 1.0000000
1563368532.126781 0.2654143 0.1363999 -0.6642998 -0.0101154 0.7188462 0.2081261 0.6632054 -0.1201126 0.2615179 -0.9576958 -0.6399885 -0.2906035 0.9131624 0.2858042 0.1424347 0.9492748 0.3126385 -0.0336843 -0.3169715 0.0000000 0.0000000 0.0000000 1.0000000
1563368542.493438 0.2681766 0.1374876 -0.6522024 -0.0240326 0.7269969 0.2378328 0.6436874 -0.1701779 0.2712366 -0.9473490 -0.6095173 -0.3411233 0.8857160 0.3148684 0.1750642 0.9244860 0.3767464 -0.0582042 -0.3376843 0.0000000 0.0000000 0.0000000 1.0000000
1563368544.093437 0.1747541 0.1569646 -0.7001327 -0.0310198 0.6682087 0.2226849 0.7091871 0.0078170 0.2743951 -0.9615852 -0.7176737 -0.3573059 0.8988984 0.2536024 0.0989008 0.9339547 0.3415977 0.1050697 -0.1432684 0.0000000 0.0000000 0.0000000 1.0000000
1563368544.693436 0.1601834 0.1579204 -0.7025478 -0.0355821 0.6586778 0.2322194 0.7148089 0.0244356 0.2851107 -0.9581831 -0.7221084 -0.3788592 0.8896161 0.2550466 0.0993809 0.9251317 0.3567843 0.1297551 -0.1133751 0.0000000 0.0000000 0.0000000 1.0000000
1563368546.026768 0.1072493 0.1535544 -0.6467168 -0.0445390 0.6882766 0.2476769 0.6804026 -0.0701372 0.2757296 -0.9586730 -0.6548073 -0.3983503 0.8733449 0.2803315 0.0899119 0.9145479 0.4015494 0.0485830 -0.1283248 0.0000000 0.0000000 0.0000000 1.0000000
1563368546.660101 0.0710742 0.1517267 -0.6287336 -0.0477142 0.6968098 0.2457190 0.6721619 -0.0918435 0.2638305 -0.9601865 -0.6372041 -0.3968213 0.8746911 0.2782955 0.0704636 0.9132895 0.4065821 0.0243589 -0.1112854 0.0000000 0.0000000 0.0000000 1.0000000
1563368547.426767 0.0613342 0.1492738 -0.6232423 -0.0470736 0.6975148 0.2422068 0.6727503 -0.0903822 0.2602204 -0.9613097 -0.6324294 -0.3915584 0.8782399 0.2745482 0.0640278 0.9157036 0.4012232 0.0225142 -0.1020243 0.0000000 0.0000000 0.0000000 1.0000000
1563368548.826766 0.0297178 0.1457003 -0.6174449 -0.0313133 0.6942591 0.2133456 0.6866640 -0.0550240 0.2495143 -0.9668066 -0.6316689 -0.3364726 0.9070063 0.2532307 0.0342042 0.9400843 0.3392377 0.0340476 -0.0563418 0.0000000 0.0000000 0.0000000 1.0000000
1563368549.560098 0.0246641 0.1477804 -0.6183826 -0.0361644 0.6922251 0.2166284 0.6874508 -0.0522070 0.2477750 -0.9674099 -0.6335581 -0.3479106 0.9035285 0.2501888 0.0297695 0.9360730 0.3496338 0.0390330 -0.0506191 0.0000000 0.0000000 0.0000000 1.0000000
1563368552.860095 0.0344341 0.1428315 -0.6131994 -0.0381623 0.6702505 0.2113619 0.7103760 0.0121808 0.2491362 -0.9683918 -0.6298212 -0.3514494 0.9077396 0.2291116 0.0229391 0.9361276 0.3375500 0.0986157 -0.0199763 0.0000000 0.0000000 0.0000000 1.0000000
1563368555.893425 0.0087507 0.1315668 -0.5297488 -0.0465484 0.6158984 0.2031348 0.7597622 0.1588109 0.2513300 -0.9547839 -0.5402520 -0.3660065 0.9131390 0.1794892 -0.0218518 0.9169615 0.3209522 0.2370048 0.0753023 0.0000000 0.0000000 0.0000000 1.0000000
1563368557.293424 -0.0257118 0.1368080 -0.5402329 -0.0496599 0.6575670 0.2092864 0.7220379 0.0476098 0.2369160 -0.9703629 -0.5554098 -0.3675350 0.9074662 0.2035269 -0.0236467 0.9287903 0.3469524 0.1302792 0.0467961 0.0000000 0.0000000 0.0000000 1.0000000
1563368559.493422 -0.1174536 0.1391502 -0.4873890 -0.0381704 0.6708584 0.2221795 0.7064901 0.0011705 0.2627214 -0.9648710 -0.5066878 -0.3651492 0.8983585 0.2441680 -0.0488900 0.9309483 0.3520361 0.0969840 0.1076263 0.0000000 0.0000000 0.0000000 1.0000000
1563368560.360088 -0.1352745 0.1318050 -0.4847430 -0.0445590 0.6792665 0.2112849 0.7014059 -0.0120884 0.2358581 -0.9717124 -0.5037533 -0.3569279 0.9067464 0.2245295 -0.0589578 0.9340537 0.3495454 0.0732232 0.1157763 0.0000000 0.0000000 0.0000000 1.0000000
1563368563.460085 -0.1385840 0.1317769 -0.5046777 -0.0276442 0.6512824 0.1973392 0.7322050 0.0737769 0.2529772 -0.9646551 -0.5099522 -0.3249938 0.9205861 0.2165647 -0.0570555 0.9428340 0.2975295 0.1501340 0.1672235 0.0000000 0.0000000 0.0000000 1.0000000
1563368564.326751 -0.1247956 0.1318052 -0.5052008 -0.0326483 0.6202353 0.1908786 0.7601366 0.1577472 0.2496883 -0.9553908 -0.4958882 -0.3306869 0.9249989 0.1871448 -0.0686422 0.9304633 0.2864137 0.2284847 0.1937975 0.0000000 0.0000000 0.0000000 1.0000000
1563368568.926746 -0.1427960 0.1075956 -0.3624594 -0.0405410 0.6004134 0.1717684 0.7799717 0.2199988 0.2192663 -0.9505382 -0.3367087 -0.3166316 0.9377041 0.1430225 -0.0942668 0.9226836 0.2695056 0.2757204 0.2026954 0.0000000 0.0000000 0.0000000 1.0000000
1563368571.093411 -0.1196424 0.0902441 -0.2781191 -0.0301379 0.5461110 0.1624478 0.8212582 0.3507468 0.2339060 -0.9067881 -0.2313395 -0.2997405 0.9454048 0.1279272 -0.0855999 0.8872048 0.2269311 0.4017088 0.1973910 0.0000000 0.0000000 0.0000000 1.0000000
1563368572.060077 -0.1321709 0.0859052 -0.2188398 -0.0288986 0.5601984 0.1628963 0.8116695 0.3192851 0.2320581 -0.9188069 -0.1788063 -0.2968138 0.9452593 0.1355964 -0.0907590 0.8999770 0.2294207 0.3706853 0.1803630 0.0000000 0.0000000 0.0000000 1.0000000
1563368573.793408 -0.1299382 0.0802256 -0.2423249 -0.0232369 0.5735652 0.1643167 0.8021740 0.2880460 0.2369654 -0.9278345 -0.2064200 -0.2902768 0.9449202 0.1512126 -0.0768823 0.9125617 0.2257726 0.3409661 0.1830885 0.0000000 0.0000000 0.0000000 1.0000000
1563368574.626741 -0.1328714 0.0800829 -0.2451261 -0.0177670 0.5444084 0.1617656 0.8228826 0.3549028 0.2468831 -0.9017165 -0.1936489 -0.2855732 0.9470325 0.1468927 -0.0777783 0.8902202 0.2053734 0.4066077 0.2015080 0.0000000 0.0000000 0.0000000 1.0000000
1563368575.560073 -0.0891203 0.0848031 -0.2048087 -0.0307142 0.5028484 0.1486778 0.8509377 0.4500768 0.2221418 -0.8649184 -0.1558702 -0.2839203 0.9539031 0.0972530 -0.0862788 0.8466523 0.2017966 0.4924003 0.1591888 0.0000000 0.0000000 0.0000000 1.0000000
1563368576.026740 -0.1163031 0.0873088 -0.2418335 -0.0346188 0.4710921 0.1393653 0.8703167 0.5172991 0.2099666 -0.8296480 -0.1588051 -0.2752011 0.9587578 0.0710492 -0.0985327 0.8103493 0.1915663 0.5537475 0.2114354 0.0000000 0.0000000 0.0000000 1.0000000
1563368576.526739 -0.0916057 0.0863307 -0.2086236 -0.0405771 0.4626478 0.1383257 0.8747437 0.5336460 0.2044532 -0.8206221 -0.1399667 -0.2795449 0.9584390 0.0570030 -0.0964584 0.7981707 0.1989813 0.5686211 0.1745666 0.0000000 0.0000000 0.0000000 1.0000000
1563368576.993405 -0.1215079 0.0742257 -0.2011838 -0.0522991 0.4116116 0.1263955 0.9010354 0.6292002 0.1847199 -0.7549739 -0.0891467 -0.2708276 0.9625779 0.0098050 -0.1023831 0.7285325 0.1982985 0.6556814 0.2057161 0.0000000 0.0000000 0.0000000 1.0000000
1563368577.393405 -0.1264105 0.0146341 -0.1471953 -0.0595058 0.4126000 0.1616323 0.8944805 0.6072724 0.2400496 -0.7573614 -0.0382273 -0.3382579 0.9406682 0.0269255 -0.0525619 0.7188892 0.2398324 0.6524405 0.1834016 0.0000000 0.0000000 0.0000000 1.0000000
1563368577.693405 -0.1344579 0.0647436 -0.1778672 -0.0541079 0.3781381 0.1180197 0.9165998 0.6861658 0.1754332 -0.7059743 -0.0446674 -0.2572742 0.9662874 -0.0099350 -0.0989206 0.6804311 0.1884460 0.7081678 0.2052485 0.0000000 0.0000000 0.0000000 1.0000000
1563368579.293403 -0.1493192 0.0638171 -0.1179653 -0.0725840 0.3109176 0.1024412 0.9421080 0.7856721 0.1478861 -0.6007072 0.0370157 -0.2381567 0.9684747 -0.0730624 -0.1059855 0.5709648 0.2004655 0.7961236 0.1663778 0.0000000 0.0000000 0.0000000 1.0000000
1563368580.126736 -0.1105622 0.0571055 -0.0695304 -0.0617438 0.2375231 0.0846740 0.9657126 0.8728262 0.1342104 -0.4692142 0.0562128 -0.1928727 0.9780360 -0.0790294 -0.0826706 0.4483019 0.1594775 0.8795410 0.1016130 0.0000000 0.0000000 0.0000000 1.0000000
1563368580.526735 -0.1013704 0.0578016 -0.0570620 -0.0569537 0.1901053 0.0769895 0.9770818 0.9158652 0.1287958 -0.3802665 0.0636983 -0.1721046 0.9816578 -0.0820246 -0.0788682 0.3627271 0.1405691 0.9212325 0.0812121 0.0000000 0.0000000 0.0000000 1.0000000
1563368582.260067 -0.0978758 0.0359099 0.0227125 -0.0786350 0.0977658 0.0276123 0.9917136 0.9793588 0.0393915 -0.1982539 0.0989438 -0.0701427 0.9861082 -0.1505677 -0.0388566 0.1895687 0.1613659 0.9685168 -0.0092379 0.0000000 0.0000000 0.0000000 1.0000000
1563368582.860066 -0.1258023 0.0409882 0.0922551 -0.0827047 0.0740426 -0.0001642 0.9938197 0.9890354 -0.0125737 -0.1471428 0.1385130 -0.0119210 0.9863198 -0.1644114 -0.0267594 0.1471971 0.1643628 0.9753553 -0.0782007 0.0000000 0.0000000 0.0000000 1.0000000
1563368583.160066 -0.1554469 0.0261702 0.0673614 -0.0921041 0.0647828 -0.0143880 0.9935356 0.9911923 -0.0405234 -0.1260777 0.1636311 0.0166564 0.9826196 -0.1848816 -0.0106723 0.1313784 0.1811532 0.9746401 -0.0499716 0.0000000 0.0000000 0.0000000 1.0000000
1563368583.460066 -0.1543623 0.0269560 0.0696653 -0.0937529 0.0559449 -0.0198625 0.9938239 0.9929513 -0.0499696 -0.1074744 0.1621085 0.0289896 0.9816318 -0.1885702 -0.0088492 0.1149231 0.1841254 0.9761611 -0.0552281 0.0000000 0.0000000 0.0000000 1.0000000
1563368584.326732 -0.1651406 0.0407632 0.1042273 -0.0963344 0.0341409 -0.0347451 0.9941564 0.9952543 -0.0756620 -0.0611885 0.1738186 0.0625063 0.9790249 -0.1939153 -0.0093746 0.0745771 0.1891704 0.9791082 -0.0974453 0.0000000 0.0000000 0.0000000 1.0000000
1563368584.926731 -0.1421568 0.0404125 0.1340638 -0.0916670 -0.0135423 -0.0353562 0.9950697 0.9971331 -0.0678811 0.0334331 0.1400103 0.0728466 0.9806942 -0.1814724 -0.0049478 -0.0204691 0.1833876 0.9828275 -0.1420825 0.0000000 0.0000000 0.0000000 1.0000000
1563368585.093398 -0.1446583 0.0276174 0.1031370 -0.0958047 -0.0199020 -0.0340609 0.9946181 0.9968875 -0.0639417 0.0461162 0.1412177 0.0715685 0.9793227 -0.1892224 0.0028225 -0.0330635 0.1919339 0.9808508 -0.1112457 0.0000000 0.0000000 0.0000000 1.0000000
1563368587.993395 -0.1474414 0.0260743 0.0937565 -0.0958280 -0.0430233 -0.0335019 0.9939032 0.9940532 -0.0583496 0.0919429 0.1394658 0.0748409 0.9793893 -0.1876048 0.0030869 -0.0791012 0.1933702 0.9779320 -0.1083923 0.0000000 0.0000000 0.0000000 1.0000000
1563368588.160061 -0.1475075 0.0258716 0.0937636 -0.0960971 -0.0396988 -0.0341510 0.9939935 0.9945154 -0.0602619 0.0854843 0.1402422 0.0755216 0.9791981 -0.1883283 0.0034649 -0.0723571 0.1937513 0.9783787 -0.1074222 0.0000000 0.0000000 0.0000000 1.0000000
1563368588.860061 -0.1474678 0.0259430 0.0937666 -0.0988402 -0.0376141 -0.0351062 0.9937723 0.9947055 -0.0623396 0.0816994 0.1406436 0.0772108 0.9779963 -0.1938084 0.0041867 -0.0678198 0.1990903 0.9776316 -0.1068354 0.0000000 0.0000000 0.0000000 1.0000000
