1556980323.582228 0.0000000 0.0000000 0.0000000 0.0000000 0.0000000 0.0000000 1.0000000 1.0000000 0.0000000 0.0000000 0.0000000 0.0000000 1.0000000 0.0000000 0.0000000 0.0000000 0.0000000 1.0000000 0.0000000 0.0000000 0.0000000 0.0000000 1.0000000
1556980324.148894 0.0388004 -0.0166477 0.0265593 -0.0078019 -0.0054868 0.0186512 0.9997805 0.9992440 0.0373799 0.0106801 -0.0384324 -0.0372086 0.9991825 -0.0158050 0.0184975 -0.0112622 0.0153956 0.9998180 -0.0258612 0.0000000 0.0000000 0.0000000 1.0000000
1556980324.182227 0.0405557 -0.0177075 0.0301004 -0.0072655 -0.0045649 0.0201584 0.9997600 0.9991456 0.0403734 0.0088348 -0.0400721 -0.0402407 0.9990817 -0.0147115 0.0197660 -0.0094206 0.0143434 0.9998528 -0.0294600 0.0000000 0.0000000 0.0000000 1.0000000
1556980332.182220 0.3256080 -0.0998562 0.1363996 -0.0057454 -0.1727366 -0.1312678 0.9761649 0.9058617 -0.2542931 0.3387472 -0.3665535 0.2582629 0.9654715 0.0341327 0.0076602 -0.3357305 0.0565663 0.9402581 -0.0132858 0.0000000 0.0000000 0.0000000 1.0000000
1556980332.415553 0.3509803 -0.1044043 0.1467876 -0.0111016 -0.1619134 -0.1281710 0.9783828 0.9147125 -0.2472056 0.3196723 -0.3937793 0.2543956 0.9668979 0.0197821 0.0087567 -0.3139807 0.0632283 0.9473217 -0.0222527 0.0000000 0.0000000 0.0000000 1.0000000
1556980332.615553 0.3690588 -0.1080923 0.1512372 -0.0090571 -0.1488286 -0.1177395 0.9817868 0.9279749 -0.2284943 0.2943686 -0.4116953 0.2338862 0.9721107 0.0172618 0.0161493 -0.2901031 0.0528303 0.9555361 -0.0317370 0.0000000 0.0000000 0.0000000 1.0000000
1556980338.248881 0.5508723 -0.0917258 0.1224151 -0.0866900 -0.1766917 -0.1771502 0.9643043 0.8747957 -0.3110186 0.3714834 -0.5559043 0.3722882 0.9222053 -0.1045891 -0.1076899 -0.3100548 0.2297930 0.9225298 0.0789470 0.0000000 0.0000000 0.0000000 1.0000000
1556980338.515547 0.5736858 -0.0957688 0.1232111 -0.0946733 -0.1624459 -0.1642146 0.9683397 0.8932898 -0.2872725 0.3456990 -0.5825734 0.3487897 0.9281411 -0.1299998 -0.0951913 -0.2835121 0.2367038 0.9292966 0.0708161 0.0000000 0.0000000 0.0000000 1.0000000
1556980338.782213 0.6125092 -0.1015061 0.1290394 -0.1030829 -0.1504706 -0.1514147 0.9714968 0.9088644 -0.2631759 0.3235800 -0.6251563 0.3252197 0.9328950 -0.1547225 -0.0845403 -0.2611469 0.2458563 0.9334650 0.0644570 0.0000000 0.0000000 0.0000000 1.0000000
1556980339.082213 0.6588525 -0.1097376 0.1367595 -0.0926396 -0.1380984 -0.1420880 0.9757857 0.9214796 -0.2517082 0.2958349 -0.6751993 0.3028817 0.9424578 -0.1415484 -0.0767732 -0.2431830 0.2200370 0.9446934 0.0551722 0.0000000 0.0000000 0.0000000 1.0000000
1556980339.348880 0.6843461 -0.1178762 0.1306497 -0.0373737 -0.1358568 -0.1411700 0.9799067 0.9232279 -0.2665119 0.2768060 -0.6993876 0.2868218 0.9573485 -0.0348877 -0.0788787 -0.2557019 0.1116033 0.9602923 0.0626820 0.0000000 0.0000000 0.0000000 1.0000000
1556980339.682213 0.6904036 -0.1326379 0.1238063 0.0511492 -0.1451062 -0.1305868 0.9794259 0.9237826 -0.2706442 0.2708828 -0.7072175 0.2409560 0.9606617 0.1380915 -0.0560333 -0.2976004 -0.0622957 0.9526559 0.0792568 0.0000000 0.0000000 0.0000000 1.0000000
1556980342.082210 0.7207142 -0.1758078 0.1213521 0.3494819 -0.2883163 -0.1014369 0.8856900 0.8131685 -0.3812059 0.4398171 -0.7064539 -0.0218394 0.7351460 0.6775569 0.0627614 -0.5816185 -0.5605733 0.5894723 0.2490938 0.0000000 0.0000000 0.0000000 1.0000000
1556980343.748875 0.7831176 -0.1942248 0.1285577 0.3925340 -0.4107204 -0.0829046 0.8187507 0.6488712 -0.4581998 0.6074694 -0.6752311 -0.1866870 0.6780878 0.7108761 0.1865108 -0.7376409 -0.5746737 0.3544517 0.4204762 0.0000000 0.0000000 0.0000000 1.0000000
1556980344.082208 0.7904163 -0.1912440 0.1278222 0.3859976 -0.4458057 -0.0817974 0.8034751 0.5891329 -0.4756043 0.6532404 -0.6401153 -0.2127154 0.6886301 0.6932104 0.2112224 -0.7795349 -0.5473474 0.3045263 0.4725550 0.0000000 0.0000000 0.0000000 1.0000000
1556980344.348875 0.8081208 -0.1972728 0.1154223 0.3996499 -0.4549114 -0.0684325 0.7928761 0.5767453 -0.4721275 0.6666787 -0.6361674 -0.2550936 0.6711939 0.6960072 0.2582200 -0.7760748 -0.5714843 0.2666712 0.4836441 0.0000000 0.0000000 0.0000000 1.0000000
1556980344.615541 0.8156611 -0.1938436 0.1156971 0.4185939 -0.4336673 -0.0499661 0.7963763 0.6188722 -0.4426445 0.6488937 -0.6656690 -0.2834774 0.6445650 0.7100539 0.2740152 -0.7325556 -0.6233793 0.2734237 0.4450448 0.0000000 0.0000000 0.0000000 1.0000000
1556980345.448874 0.8029084 -0.1965739 0.1144305 0.3684275 -0.3755224 -0.0880568 0.8458665 0.7024579 -0.4256741 0.5703985 -0.7129567 -0.1277369 0.7130144 0.6894155 0.1638309 -0.7001687 -0.5571463 0.4464883 0.4015590 0.0000000 0.0000000 0.0000000 1.0000000
1556980345.615540 0.8028693 -0.1968865 0.1146373 0.3394122 -0.3784673 -0.1167264 0.8531922 0.6862748 -0.4560929 0.5665740 -0.7057380 -0.0577328 0.7423487 0.6675218 0.1159874 -0.7250474 -0.4908134 0.4831237 0.4300998 0.0000000 0.0000000 0.0000000 1.0000000
1556980350.748869 0.9990917 -0.1881961 0.1229117 0.0947084 -0.3601080 -0.2822049 0.8841453 0.5813652 -0.5672308 0.5833213 -0.7592848 0.4308098 0.8227814 0.3707204 -0.3211402 -0.6902300 0.0357766 0.7227051 0.6075072 0.0000000 0.0000000 0.0000000 1.0000000
1556980351.048868 0.9894485 -0.1728854 0.1093505 0.0747029 -0.3680836 -0.2843344 0.8820929 0.5673369 -0.5566126 0.6068866 -0.7239442 0.4466248 0.8271469 0.3411075 -0.3362110 -0.6918491 0.0775278 0.7178679 0.6194533 0.0000000 0.0000000 0.0000000 1.0000000
1556980351.415535 0.9659646 -0.1641510 0.1099783 0.0655573 -0.3744174 -0.2895895 0.8784371 0.5518990 -0.5578640 0.6198348 -0.6928572 0.4596807 0.8236803 0.3320307 -0.3453435 -0.6957737 0.1016787 0.7110277 0.6105858 0.0000000 0.0000000 0.0000000 1.0000000
1556980355.115531 0.8801364 -0.2683733 0.2012797 0.3114896 -0.5890043 -0.1571411 0.7289408 0.2567611 -0.5960307 0.7608030 -0.5390776 -0.1378443 0.7565618 0.6392286 0.1956990 -0.9565943 -0.2690014 0.1120962 0.7471780 0.0000000 0.0000000 0.0000000 1.0000000
1556980357.182196 0.9419292 -0.2908795 0.1998693 0.2889516 -0.7049921 -0.1756026 0.6234236 -0.0557000 -0.6263667 0.7775360 -0.2851374 -0.1884676 0.7713414 0.6078753 0.2803949 -0.9804986 -0.1126817 -0.1610136 0.9229652 0.0000000 0.0000000 0.0000000 1.0000000
1556980357.448862 0.9511281 -0.2855492 0.2030932 0.2729529 -0.7249045 -0.1876003 0.6040002 -0.1213609 -0.6223508 0.7732729 -0.2193285 -0.1691085 0.7806057 0.6017118 0.2615415 -0.9780971 -0.0577427 -0.1999798 0.9544218 0.0000000 0.0000000 0.0000000 1.0000000
1556980358.282195 0.9591184 -0.2841449 0.2037721 0.2232597 -0.7439775 -0.2452987 0.5800700 -0.2273479 -0.6167812 0.7535874 -0.1107618 -0.0476196 0.7799673 0.6240059 0.1401416 -0.9726486 0.1059809 -0.2066948 1.0051177 0.0000000 0.0000000 0.0000000 1.0000000
1556980358.415528 0.9577847 -0.2844098 0.2038703 0.2142729 -0.7404628 -0.2606709 0.5812509 -0.2324690 -0.6203526 0.7490800 -0.1064942 -0.0142918 0.7722756 0.6351268 0.1038477 -0.9724988 0.1369416 -0.1883961 1.0088004 0.0000000 0.0000000 0.0000000 1.0000000
1556980360.715526 0.9865215 -0.2765343 0.2098722 0.1256467 -0.6100720 -0.3785848 0.6846157 -0.0310285 -0.6716772 0.7401938 -0.3104776 0.3650631 0.6817729 0.6339673 -0.3046611 -0.9304656 0.2898885 0.2240502 0.9510665 0.0000000 0.0000000 0.0000000 1.0000000
1556980361.048859 0.9961729 -0.2797673 0.2121549 0.1062368 -0.6246036 -0.3961706 0.6645547 -0.0941616 -0.6592658 0.7459907 -0.2489054 0.3938422 0.6635252 0.6360995 -0.3416539 -0.9143423 0.3536988 0.1971681 0.9679662 0.0000000 0.0000000 0.0000000 1.0000000
1556980362.215524 1.0866691 -0.3156700 0.2090543 0.0488020 -0.6416864 -0.4457432 0.6222297 -0.2208971 -0.6173405 0.7550464 -0.1126795 0.4920782 0.5978627 0.6327869 -0.4782857 -0.8420591 0.5113227 0.1717137 1.0405513 0.0000000 0.0000000 0.0000000 1.0000000
1556980362.748857 1.1088074 -0.3240905 0.2114237 0.0625491 -0.5883191 -0.4557734 0.6650105 -0.1076975 -0.6797857 0.7254604 -0.2542758 0.5325904 0.5767165 0.6194719 -0.5346029 -0.8394931 0.4530888 0.2999364 1.0142643 0.0000000 0.0000000 0.0000000 1.0000000
1556980363.082190 1.1040436 -0.3441941 0.2282535 0.0645747 -0.5683086 -0.4582072 0.6803687 -0.0658570 -0.6968964 0.7141416 -0.3301639 0.5501030 0.5717525 0.6086754 -0.5494761 -0.8324960 0.4329370 0.3457109 0.9892165 0.0000000 0.0000000 0.0000000 1.0000000
1556980364.482189 1.1855878 -0.3982105 0.2932809 0.0092761 -0.5508010 -0.5076717 0.6624211 -0.1222245 -0.6828035 0.7203059 -0.3382437 0.6623663 0.4843668 0.5715415 -0.7600355 -0.7391428 0.5469627 0.3930645 0.9788467 0.0000000 0.0000000 0.0000000 1.0000000
1556980364.982188 1.2398641 -0.4038531 0.2913889 0.0055478 -0.5728719 -0.5069486 0.6440421 -0.1703581 -0.6593488 0.7322822 -0.2684380 0.6466360 0.4859447 0.5879793 -0.7768211 -0.7435321 0.5736871 0.3435740 1.0534505 0.0000000 0.0000000 0.0000000 1.0000000
1556980365.282188 1.2644722 -0.4201249 0.2958373 0.0027268 -0.5772941 -0.5169383 0.6320592 -0.2009874 -0.6566197 0.7269489 -0.2367779 0.6503230 0.4655346 0.6002979 -0.8043231 -0.7325873 0.5934039 0.3334482 1.0769936 0.0000000 0.0000000 0.0000000 1.0000000
1556980370.015517 1.5125885 -0.5621515 0.3998207 0.0016111 -0.5668705 -0.4726071 0.6747575 -0.0893994 -0.6396170 0.7634774 -0.5295913 0.6359639 0.5532798 0.5379884 -0.8660235 -0.7665231 0.5336399 0.3573104 1.3165604 0.0000000 0.0000000 0.0000000 1.0000000
1556980370.815516 1.5345147 -0.5809317 0.3897446 0.0400832 -0.6461548 -0.4523831 0.6133733 -0.2443330 -0.6067594 0.7564023 -0.2723569 0.5031596 0.5874857 0.6337910 -0.6778334 -0.8289341 0.5354471 0.1617547 1.5200268 0.0000000 0.0000000 0.0000000 1.0000000
1556980371.215516 1.5481727 -0.6035705 0.3781567 0.0821835 -0.6796955 -0.4105878 0.6022271 -0.2611368 -0.6062538 0.7511750 -0.2456939 0.3828147 0.6493270 0.6571357 -0.4492489 -0.8861492 0.4591632 0.0625197 1.6254071 0.0000000 0.0000000 0.0000000 1.0000000
1556980372.748848 1.5582097 -0.5872909 0.3463505 0.2418526 -0.6979844 -0.2973598 0.6048985 -0.1512102 -0.6973637 0.7005850 -0.4165861 0.0221264 0.7061689 0.7076976 0.1351377 -0.9882540 0.1225125 -0.0913498 1.6434965 0.0000000 0.0000000 0.0000000 1.0000000
1556980373.415514 1.5843716 -0.6022058 0.3454300 0.2884437 -0.6725160 -0.2617923 0.6292752 -0.0416259 -0.7174448 0.6953706 -0.6063003 -0.0584871 0.6965301 0.7151399 0.2650891 -0.9974200 -0.0109019 -0.0709550 1.5982286 0.0000000 0.0000000 0.0000000 1.0000000
1556980373.715513 1.5851970 -0.6014156 0.3445562 0.3040695 -0.6462798 -0.2417706 0.6568189 0.0477388 -0.7106270 0.7019475 -0.7449179 -0.0754289 0.6981774 0.7119402 0.2941610 -0.9960078 -0.0869342 -0.0202717 1.5335696 0.0000000 0.0000000 0.0000000 1.0000000
1556980374.015513 1.5841545 -0.6002098 0.3429761 0.3180723 -0.6110776 -0.2278365 0.6881168 0.1493495 -0.7022899 0.6960486 -0.8968419 -0.0751775 0.6938410 0.7161934 0.2899059 -0.9859225 -0.1592903 0.0508284 1.4488130 0.0000000 0.0000000 0.0000000 1.0000000
1556980377.715510 1.5110409 -0.7084727 0.5379071 -0.0088555 -0.6288593 -0.5216480 0.5764902 -0.3351613 -0.5903122 0.7343013 -0.3067635 0.6125876 0.4556099 0.6458762 -0.9502792 -0.7158235 0.6662966 0.2089151 1.4413147 0.0000000 0.0000000 0.0000000 1.0000000
1556980378.915509 1.4978125 -0.7434164 0.5817816 -0.0220163 -0.5865814 -0.5556468 0.5888075 -0.3056421 -0.6285092 0.7152336 -0.4255592 0.6801666 0.3815439 0.6259374 -1.0992750 -0.6663004 0.6777908 0.3108751 1.3210126 0.0000000 0.0000000 0.0000000 1.0000000
1556980379.315508 1.4932674 -0.7514941 0.5914623 -0.0280467 -0.5613701 -0.5576904 0.6107851 -0.2523100 -0.6497688 0.7170357 -0.5356306 0.7127472 0.3763895 0.5918804 -1.1315426 -0.6544701 0.6604025 0.3681540 1.2558383 0.0000000 0.0000000 0.0000000 1.0000000
1556980380.015507 1.4874368 -0.8112300 0.6413460 -0.0538532 -0.5696416 -0.5875934 0.5721383 -0.3395152 -0.6110153 0.7151152 -0.4493028 0.7337235 0.3036676 0.6078123 -1.2348410 -0.5885400 0.7310583 0.3452165 1.2470692 0.0000000 0.0000000 0.0000000 1.0000000
1556980380.382174 1.4923254 -0.8442987 0.6678610 -0.0547790 -0.5952528 -0.5957415 0.5364379 -0.4184674 -0.5739418 0.7039005 -0.3301964 0.7043712 0.2841828 0.6504624 -1.2456343 -0.5733640 0.7680045 0.2853468 1.3134989 0.0000000 0.0000000 0.0000000 1.0000000
1556980380.782173 1.4983176 -0.8613001 0.6750123 -0.0460965 -0.6266814 -0.5870172 0.5104473 -0.4746374 -0.5415069 0.6938944 -0.2236297 0.6570582 0.3065719 0.6886858 -1.1853029 -0.5856567 0.7828051 0.2102911 1.4097809 0.0000000 0.0000000 0.0000000 1.0000000
1556980381.148840 1.4970454 -0.8581823 0.6723907 -0.0359599 -0.6607987 -0.5585977 0.5000206 -0.4973727 -0.5110962 0.7010000 -0.1653703 0.6061452 0.3733509 0.7022799 -1.0592302 -0.6206517 0.7742026 0.1241040 1.5101043 0.0000000 0.0000000 0.0000000 1.0000000
1556980384.348837 1.4005451 -0.9124671 0.7324724 -0.1750479 0.8038914 0.3573304 -0.4420768 -0.5478526 -0.5973740 0.5856636 -0.2067742 0.0344959 0.6833465 0.7292788 0.0410416 -0.8358634 0.4197403 -0.3537662 1.8127875 0.0000000 0.0000000 0.0000000 1.0000000
1556980384.715503 1.3889726 -0.9305037 0.7484518 -0.1693742 0.8246086 0.3506706 -0.4103208 -0.6058985 -0.5671097 0.5579190 -0.1036967 0.0084399 0.6966851 0.7173275 0.0996602 -0.7954972 0.4393364 -0.4173341 1.8260823 0.0000000 0.0000000 0.0000000 1.0000000
1556980385.048836 1.3820502 -0.9577304 0.7752245 -0.1393727 0.8384770 0.3681157 -0.3768587 -0.6771056 -0.5111768 0.5293641 0.0358485 0.0437336 0.6901322 0.7223607 0.0405269 -0.7345852 0.5122654 -0.4449368 1.8507717 0.0000000 0.0000000 0.0000000 1.0000000
1556980386.015502 1.4068302 -0.9771902 0.8056795 -0.0610519 0.7873462 0.4779414 -0.3846174 -0.6966842 -0.4637871 0.5472957 0.0859632 0.2715112 0.5356894 0.7995740 -0.5027001 -0.6640127 0.7056475 -0.2472829 1.8229356 0.0000000 0.0000000 0.0000000 1.0000000
1556980388.048833 1.3898108 -1.0318727 0.8721791 0.0287320 0.7013860 0.6168394 -0.3560073 -0.7448665 -0.3988943 0.5348431 0.1571364 0.4795031 0.2373671 0.8448275 -1.1583269 -0.4639511 0.8857427 0.0144642 1.5461626 0.0000000 0.0000000 0.0000000 1.0000000
1556980390.148831 1.3181460 -1.0707479 0.9165837 0.0182625 0.7542720 0.5901988 -0.2870637 -0.8345218 -0.3112995 0.4546053 0.3500146 0.3663991 0.3026639 0.8798558 -0.9653523 -0.4114913 0.9008259 -0.1385198 1.6339279 0.0000000 0.0000000 0.0000000 1.0000000
1556980391.015497 1.2626690 -1.0616243 0.9201078 -0.0131398 0.7756007 0.5648147 -0.2815233 -0.8411440 -0.3383995 0.4218561 0.3146802 0.2976344 0.3616235 0.8835396 -0.8048571 -0.4515424 0.8687429 -0.2034581 1.6796305 0.0000000 0.0000000 0.0000000 1.0000000
1556980391.448830 1.2233360 -1.0642495 0.9346433 0.0004472 0.7594026 0.6012707 -0.2485579 -0.8764375 -0.2982220 0.3780487 0.4014544 0.2995803 0.2769466 0.9129908 -0.9250679 -0.3769732 0.9134354 -0.1533849 1.5766484 0.0000000 0.0000000 0.0000000 1.0000000
1556980391.915496 1.2112746 -1.0688146 0.9498230 0.0342659 0.7271832 0.6459723 -0.2296739 -0.8921515 -0.2468909 0.3782997 0.4574421 0.3465612 0.1630912 0.9237406 -1.1228565 -0.2897605 0.9552205 -0.0599393 1.4288648 0.0000000 0.0000000 0.0000000 1.0000000
1556980392.682162 1.2208077 -1.0732650 0.9617699 0.0566319 0.6808558 0.6868621 -0.2478882 -0.8706885 -0.2634137 0.4153490 0.3807604 0.4176464 0.0500265 0.9072314 -1.3287221 -0.2597556 0.9633849 0.0664563 1.2871634 0.0000000 0.0000000 0.0000000 1.0000000
1556980393.548828 1.1290478 -1.0552019 0.9960104 0.0624530 0.6037182 0.7559609 -0.2452490 -0.8719051 -0.2953893 0.3905466 0.2837389 0.4462053 -0.1507547 0.8821416 -1.5414859 -0.2016984 0.9434078 0.2632480 0.9610151 0.0000000 0.0000000 0.0000000 1.0000000
1556980393.815494 1.1199424 -1.0616245 1.0115359 0.0712067 0.5811266 0.7734435 -0.2429129 -0.8718459 -0.2929986 0.3924749 0.2683602 0.4585190 -0.2065704 0.8643431 -1.6071292 -0.1721776 0.9335312 0.3144430 0.8658183 0.0000000 0.0000000 0.0000000 1.0000000
1556980394.415494 1.1322776 -1.0789688 1.0223914 0.0916722 0.5572297 0.7907610 -0.2361954 -0.8716158 -0.2713834 0.4082118 0.2767447 0.4757132 -0.2674135 0.8379660 -1.6838995 -0.1182487 0.9245762 0.3621825 0.7611869 0.0000000 0.0000000 0.0000000 1.0000000
1556980394.915493 1.1118059 -1.0746160 1.0238740 0.0915623 0.5838020 0.7791814 -0.2089686 -0.8958969 -0.2187404 0.3866799 0.3650900 0.4325575 -0.2310147 0.8715080 -1.6214865 -0.1013053 0.9480426 0.3015832 0.8226303 0.0000000 0.0000000 0.0000000 1.0000000
1556980395.182160 1.0832270 -1.0743043 1.0223449 0.0857883 0.6147485 0.7614315 -0.1869406 -0.9153872 -0.1792085 0.3604868 0.4305058 0.3901614 -0.1742749 0.9041030 -1.5341629 -0.0991992 0.9682523 0.2294492 0.9130766 0.0000000 0.0000000 0.0000000 1.0000000
1556980398.815490 0.8949078 -1.1354465 1.0712183 0.1045407 0.6947485 0.7059022 -0.0899887 -0.9619465 0.0182126 0.2726300 0.5894867 0.2723053 -0.0184532 0.9620339 -1.2951891 0.0225520 0.9996638 0.0127916 1.1011802 0.0000000 0.0000000 0.0000000 1.0000000
1556980399.282156 0.8633426 -1.1390494 1.0823827 0.0838862 0.6561339 0.7430296 -0.1017762 -0.9652094 -0.0411642 0.2582175 0.5069283 0.2613266 -0.1182598 0.9579786 -1.3972176 -0.0088977 0.9921291 0.1249027 1.0025733 0.0000000 0.0000000 0.0000000 1.0000000
1556980399.715489 0.8115000 -1.1574210 1.0959969 0.0612839 0.6443260 0.7590228 -0.0705164 -0.9825434 -0.0280734 0.1839029 0.5632842 0.1860208 -0.1597428 0.9694733 -1.3983853 0.0021607 0.9867594 0.1621764 0.9625977 0.0000000 0.0000000 0.0000000 1.0000000
1556980400.115488 0.7773160 -1.1791241 1.1100453 0.0563870 0.6498836 0.7571232 -0.0351598 -0.9911686 0.0200493 0.1310834 0.6485832 0.1265306 -0.1528302 0.9801188 -1.3665365 0.0396842 0.9880491 0.1489437 0.9688511 0.0000000 0.0000000 0.0000000 1.0000000
1556980402.348819 0.6081637 -1.2115633 1.1270853 0.0097658 0.8980971 0.4284379 -0.0988290 -0.9802749 -0.0671430 0.1858842 0.3053122 0.1022254 0.6326912 0.7676274 -0.1608058 -0.1691481 0.7714880 -0.6133476 1.7288713 0.0000000 0.0000000 0.0000000 1.0000000
1556980402.748819 0.6004373 -1.2177836 1.1259186 0.0064579 0.9148404 0.3897465 -0.1054659 -0.9776705 -0.0703941 0.1980027 0.2783701 0.0940257 0.6961119 0.7117495 -0.0101149 -0.1879350 0.7144738 -0.6739492 1.7417297 0.0000000 0.0000000 0.0000000 1.0000000
1556980403.582152 0.5723569 -1.2266252 1.1293559 -0.0119979 0.9385688 0.3112506 -0.1485519 -0.9555768 -0.1149954 0.2713836 0.0993860 0.0699520 0.8059582 0.5878249 0.2847076 -0.2863210 0.5806956 -0.7621108 1.7368680 0.0000000 0.0000000 0.0000000 1.0000000
1556980403.815485 0.5441449 -1.2284936 1.1314132 0.0001584 0.9385710 0.3177244 -0.1346688 -0.9637286 -0.0852779 0.2528931 0.1335181 0.0858724 0.7981024 0.5963711 0.2589945 -0.2526918 0.5964564 -0.7618310 1.7321897 0.0000000 0.0000000 0.0000000 1.0000000
1556980404.048818 0.5163418 -1.2253433 1.1421825 0.0185194 0.9295405 0.3511559 -0.1109099 -0.9747121 -0.0434643 0.2191969 0.1996631 0.1123224 0.7526931 0.6487194 0.1233549 -0.1931841 0.6569353 -0.7287770 1.7371167 0.0000000 0.0000000 0.0000000 1.0000000
1556980404.348818 0.4751461 -1.1932665 1.1401770 0.0446544 0.8986119 0.4288749 -0.0810490 -0.9828741 0.0107342 0.1839655 0.2700643 0.1497737 0.6281446 0.7635458 -0.1921979 -0.1073609 0.7780226 -0.6189947 1.6851641 0.0000000 0.0000000 0.0000000 1.0000000
1556980406.482149 0.4079085 -1.1948509 1.1824238 0.0778652 0.7109927 0.6932904 0.0881748 -0.9723244 0.2329846 -0.0174169 0.6955954 -0.0115383 0.0265709 0.9995803 -1.1454729 0.2333496 0.9721174 -0.0231472 1.0937198 0.0000000 0.0000000 0.0000000 1.0000000
1556980406.915482 0.4295012 -1.2041162 1.1873926 0.1015451 0.6971417 0.6947145 0.1450991 -0.9372696 0.3431876 -0.0612195 0.8884879 -0.0600222 0.0141206 0.9980972 -1.1423507 0.3433991 0.9391607 0.0073641 0.9746243 0.0000000 0.0000000 0.0000000 1.0000000
1556980407.382148 0.4376408 -1.2218915 1.1841052 0.1116919 0.7207743 0.6591410 0.1831460 -0.9079649 0.4024474 -0.1167724 1.0273803 -0.0804288 0.1061161 0.9910957 -1.0087003 0.4112553 0.9092720 -0.0639813 1.0068102 0.0000000 0.0000000 0.0000000 1.0000000
1556980407.782148 0.4056427 -1.2173171 1.1695963 0.1197992 0.7518715 0.6111656 0.2163654 -0.8776683 0.4446174 -0.1789236 1.1065285 -0.0843229 0.2242495 0.9708768 -0.8283463 0.4717923 0.8671952 -0.1593252 1.0506188 0.0000000 0.0000000 0.0000000 1.0000000
1556980408.582147 0.3245547 -1.2253464 1.1738328 0.1191983 0.7902065 0.5480421 0.2470130 -0.8495528 0.4591295 -0.2597312 1.1431999 -0.0823645 0.3708834 0.9250198 -0.6046261 0.5210338 0.8072457 -0.2772691 1.1455191 0.0000000 0.0000000 0.0000000 1.0000000
1556980408.982147 0.3243833 -1.2340111 1.1721714 0.1141401 0.8245479 0.5104933 0.2156137 -0.8809655 0.4083667 -0.2390322 1.0698861 -0.0319107 0.4527372 0.8910728 -0.4754559 0.4721032 0.7926321 -0.3858146 1.2772152 0.0000000 0.0000000 0.0000000 1.0000000
1556980409.448813 0.3050261 -1.2428483 1.1703410 0.0974504 0.8619457 0.4700327 0.1631637 -0.9277621 0.3213784 -0.1896667 0.9043909 0.0146094 0.5391454 0.8420860 -0.3199081 0.3728862 0.7784845 -0.5048938 1.4446961 0.0000000 0.0000000 0.0000000 1.0000000
1556980409.882146 0.2575406 -1.2252498 1.1640322 0.0919742 0.8750415 0.4540611 0.1402556 -0.9437382 0.2883317 -0.1619351 0.7848269 0.0335933 0.5707385 0.8204444 -0.2643782 0.3289828 0.7688448 -0.5483137 1.4955553 0.0000000 0.0000000 0.0000000 1.0000000
1556980410.282145 0.2113658 -1.2031524 1.1644047 0.0898153 0.8533726 0.4943337 0.1390060 -0.9452211 0.2907225 -0.1484504 0.7224274 0.0158611 0.4951349 0.8686714 -0.4191147 0.3260453 0.8187318 -0.4726231 1.4664690 0.0000000 0.0000000 0.0000000 1.0000000
1556980410.748811 0.1760129 -1.1747077 1.1666400 0.0847215 0.7876127 0.5933431 0.1429419 -0.9447798 0.3030827 -0.1246278 0.6677227 -0.0361716 0.2815323 0.9588697 -0.7815710 0.3257036 0.9104287 -0.2550231 1.3096796 0.0000000 0.0000000 0.0000000 1.0000000
1556980412.448810 0.0805569 -1.1558366 1.2106242 0.0188072 0.6497451 0.7564524 0.0725074 -0.9887779 0.1341366 -0.0657691 0.3143146 -0.0852570 -0.1451479 0.9857298 -1.3542477 0.1226762 0.9802752 0.1549552 0.9355630 0.0000000 0.0000000 0.0000000 1.0000000
1556980412.715476 0.0369114 -1.1532087 1.2153208 0.0236295 0.6395624 0.7657543 0.0634191 -0.9908393 0.1273520 -0.0449323 0.2380438 -0.0669019 -0.1738760 0.9824924 -1.3920894 0.1173097 0.9764981 0.1808033 0.9020422 0.0000000 0.0000000 0.0000000 1.0000000
1556980412.915476 0.0084054 -1.1494592 1.2157123 0.0311090 0.6333229 0.7718912 0.0460254 -0.9938278 0.1104573 -0.0102723 0.1478078 -0.0316491 -0.1935676 0.9805763 -1.4143306 0.1063234 0.9748491 0.1958687 0.8815356 0.0000000 0.0000000 0.0000000 1.0000000
1556980413.148809 -0.0106776 -1.1431592 1.2129273 0.0371539 0.6279089 0.7772863 0.0132655 -0.9968873 0.0672806 0.0410994 0.0164175 0.0260364 -0.2111087 0.9771158 -1.4262233 0.0744174 0.9751443 0.2086998 0.8624019 0.0000000 0.0000000 0.0000000 1.0000000
1556980413.482142 -0.0342304 -1.1361835 1.2192167 0.0419777 0.6346601 0.7708548 -0.0350330 -0.9940211 -0.0007276 0.1091856 -0.1679733 0.1072939 -0.1919585 0.9755204 -1.4037981 0.0202493 0.9814028 0.1908888 0.8830120 0.0000000 0.0000000 0.0000000 1.0000000
1556980413.748809 -0.0511828 -1.1316677 1.2180550 0.0391913 0.6449340 0.7611722 -0.0560452 -0.9906459 -0.0347686 0.1319535 -0.2507771 0.1358717 -0.1618382 0.9774187 -1.3667426 -0.0126283 0.9862046 0.1650484 0.9143714 0.0000000 0.0000000 0.0000000 1.0000000
1556980414.048808 -0.0800672 -1.1206956 1.2133676 0.0277557 0.6580815 0.7499334 -0.0613053 -0.9909425 -0.0554187 0.1223177 -0.2898658 0.1284809 -0.1263408 0.9836314 -1.3248090 -0.0390579 0.9904377 0.1323168 0.9463030 0.0000000 0.0000000 0.0000000 1.0000000
1556980415.382140 -0.1452141 -1.1216679 1.1881618 0.0232611 0.7755663 0.6304777 -0.0213008 -0.9980104 0.0092216 0.0623716 -0.2086892 0.0629405 0.2039135 0.9769636 -0.9229277 -0.0037092 0.9789455 -0.2040882 1.3400029 0.0000000 0.0000000 0.0000000 1.0000000
1556980415.915473 -0.1424307 -1.1324499 1.1804421 0.0106725 0.8323689 0.5522640 -0.0453045 -0.9956672 -0.0322731 0.0872081 -0.2813054 0.0678070 0.3897811 0.9184079 -0.6330619 -0.0636320 0.9203419 -0.3859039 1.4887149 0.0000000 0.0000000 0.0000000 1.0000000
1556980416.215473 -0.1395522 -1.1425276 1.1850393 -0.0023186 0.8636278 0.5017853 -0.0485092 -0.9952829 -0.0526873 0.0814609 -0.2956249 0.0446776 0.4964123 0.8669364 -0.4539542 -0.0861147 0.8664865 -0.4917167 1.5606709 0.0000000 0.0000000 0.0000000 1.0000000
1556980416.448806 -0.1366913 -1.1548015 1.1888316 -0.0121513 0.8840891 0.4649200 -0.0456968 -0.9955283 -0.0639764 0.0695012 -0.2925854 0.0210050 0.5674034 0.8231720 -0.3205034 -0.0920989 0.8209509 -0.5635223 1.6053793 0.0000000 0.0000000 0.0000000 1.0000000
1556980416.615473 -0.1340636 -1.1655443 1.1939063 -0.0187228 0.8969360 0.4397118 -0.0425294 -0.9956814 -0.0709877 0.0598271 -0.2876519 0.0038151 0.6126059 0.7903793 -0.2291080 -0.0927576 0.7871943 -0.6096895 1.6329864 0.0000000 0.0000000 0.0000000 1.0000000
1556980417.048805 -0.1316784 -1.1783799 1.2000086 -0.0131108 0.9236319 0.3809609 -0.0400133 -0.9964541 -0.0547061 0.0639257 -0.2723874 0.0062679 0.7093939 0.7047844 -0.0089866 -0.0839045 0.7026860 -0.7065355 1.6648314 0.0000000 0.0000000 0.0000000 1.0000000
1556980417.215472 -0.1318228 -1.1795716 1.2025341 -0.0102560 0.9331796 0.3569357 -0.0408356 -0.9964545 -0.0482928 0.0688925 -0.2711659 0.0100100 0.7449835 0.6670078 0.0779812 -0.0835355 0.6653326 -0.7418588 1.6659060 0.0000000 0.0000000 0.0000000 1.0000000
1556980417.348805 -0.1322230 -1.1789223 1.2023830 -0.0121117 0.9401276 0.3383529 -0.0391252 -0.9966450 -0.0492493 0.0653693 -0.2684394 0.0037032 0.7707412 0.6371375 0.1430503 -0.0817614 0.6352420 -0.7679731 1.6614881 0.0000000 0.0000000 0.0000000 1.0000000
1556980417.448805 -0.1323042 -1.1775483 1.2032657 -0.0123440 0.9453061 0.3236527 -0.0386399 -0.9967092 -0.0483495 0.0650627 -0.2670903 0.0016741 0.7901932 0.6128556 0.1932841 -0.0810433 0.6109477 -0.7875119 1.6562840 0.0000000 0.0000000 0.0000000 1.0000000
1556980421.248801 -0.1017077 -1.1318572 1.1846123 0.0364422 0.7828154 0.6177785 -0.0649751 -0.9889004 -0.0232254 0.1467533 -0.3007124 0.1373353 0.2340435 0.9624773 -0.8612906 -0.0567006 0.9719487 -0.2282560 1.3647351 0.0000000 0.0000000 0.0000000 1.0000000
1556980421.548801 -0.0865483 -1.1328846 1.1857822 0.0228588 0.7682828 0.6355749 -0.0725509 -0.9884277 -0.0570991 0.1405362 -0.3168788 0.1273471 0.1910440 0.9732856 -0.9266523 -0.0824223 0.9799193 -0.1815618 1.3182948 0.0000000 0.0000000 0.0000000 1.0000000
1556980422.382134 -0.0937683 -1.1332707 1.1925093 -0.0031132 0.7718526 0.6188038 -0.1459987 -0.9573494 -0.1854949 0.2215261 -0.5641568 0.1758833 0.2341442 0.9561598 -0.8583884 -0.2292318 0.9543417 -0.1915324 1.2884371 0.0000000 0.0000000 0.0000000 1.0000000
1556980424.382132 -0.0176962 -1.1409791 1.1927743 -0.0227501 0.6775950 0.6672474 -0.3084289 -0.8087081 -0.4424275 0.3876199 -0.9814547 0.3807661 0.1085267 0.9182805 -0.9647365 -0.4483397 0.8902134 0.0806950 0.9115300 0.0000000 0.0000000 0.0000000 1.0000000
1556980424.715465 0.0131715 -1.1434119 1.1997261 -0.0389599 0.6573384 0.6547566 -0.3710554 -0.7216000 -0.5371217 0.4367994 -1.1286864 0.4346823 0.1395518 0.8897060 -0.9135636 -0.5388365 0.8318807 0.1327767 0.7989839 0.0000000 0.0000000 0.0000000 1.0000000
1556980425.048798 0.0245490 -1.1475809 1.2132939 -0.0673255 0.6568070 0.6256618 -0.4154745 -0.6456964 -0.6083329 0.4615271 -1.2422280 0.4314534 0.2080290 0.8778222 -0.8369180 -0.6300192 0.7659341 0.1281437 0.7389617 0.0000000 0.0000000 0.0000000 1.0000000
1556980425.348798 0.0168533 -1.1566131 1.2167363 -0.0881191 0.6753152 0.5895523 -0.4342954 -0.6072450 -0.6310961 0.4826709 -1.3069831 0.3930633 0.2893262 0.8728067 -0.7339615 -0.6904742 0.7197278 0.0723688 0.7560295 0.0000000 0.0000000 0.0000000 1.0000000
1556980425.582131 0.0175965 -1.1631292 1.2152572 -0.1025069 0.6930484 0.5657165 -0.4349036 -0.6007024 -0.6341487 0.4868388 -1.3186610 0.3499798 0.3389144 0.8732990 -0.6732402 -0.7187981 0.6949766 0.0183526 0.7986928 0.0000000 0.0000000 0.0000000 1.0000000
1556980426.982129 0.0878021 -1.1791618 1.1683574 -0.0572004 0.7448936 0.5188289 -0.4155458 -0.6480997 -0.5164108 0.5597203 -1.2059807 0.3459779 0.4550894 0.8204834 -0.4523714 -0.6784292 0.7254058 -0.1162765 1.0507908 0.0000000 0.0000000 0.0000000 1.0000000
1556980427.882128 0.1060042 -1.1969242 1.1667110 -0.1041592 0.7458678 0.4628167 -0.4675819 -0.5410361 -0.5881873 0.6010953 -1.3479681 0.2774314 0.5499032 0.7878060 -0.2903583 -0.7939218 0.5929942 -0.1343358 0.9506593 0.0000000 0.0000000 0.0000000 1.0000000
1556980428.115462 0.1171639 -1.1973526 1.1601576 -0.0907814 0.7648220 0.4498584 -0.4521432 -0.5746505 -0.5456640 0.6099406 -1.2936511 0.2679377 0.5787723 0.7702156 -0.2319695 -0.7732956 0.6060309 -0.1863878 1.0324742 0.0000000 0.0000000 0.0000000 1.0000000
1556980428.382128 0.1431468 -1.1938906 1.1520661 -0.0582058 0.7804834 0.4578249 -0.4217275 -0.6375160 -0.4770121 0.6050065 -1.1752493 0.2952974 0.5740169 0.7637435 -0.2368405 -0.7115988 0.6655555 -0.2250845 1.1557758 0.0000000 0.0000000 0.0000000 1.0000000
1556980428.648794 0.1630744 -1.1998136 1.1449908 -0.0245209 0.7732201 0.4926740 -0.3984994 -0.6811939 -0.4305806 0.5920939 -1.0834733 0.3547405 0.5133422 0.7814339 -0.3366688 -0.6404171 0.7423477 -0.1969412 1.2206104 0.0000000 0.0000000 0.0000000 1.0000000
1556980428.815461 0.1697094 -1.2043242 1.1428326 -0.0080197 0.7624402 0.5170848 -0.3889009 -0.6973836 -0.4144185 0.5847336 -1.0489944 0.3899605 0.4651179 0.7947302 -0.4142708 -0.6013210 0.7822548 -0.1627587 1.2301443 0.0000000 0.0000000 0.0000000 1.0000000
1556980429.615460 0.2147028 -1.2445225 1.1453438 0.0566683 0.7208894 0.5973748 -0.3467716 -0.7530763 -0.3326020 0.5676724 -0.9024231 0.4960084 0.2798641 0.8219804 -0.6996472 -0.4322634 0.9005843 -0.0457857 1.2660458 0.0000000 0.0000000 0.0000000 1.0000000
1556980430.015460 0.2206826 -1.2428987 1.1443189 0.0761497 0.6909626 0.6202081 -0.3634747 -0.7241748 -0.3456268 0.5967520 -0.9526410 0.5560930 0.2190862 0.8017243 -0.7678464 -0.4078375 0.9124382 0.0335440 1.1856859 0.0000000 0.0000000 0.0000000 1.0000000
1556980430.348793 0.2315649 -1.2336475 1.1507425 0.0760031 0.6557651 0.6305066 -0.4082366 -0.6551329 -0.4151114 0.6312554 -1.0868078 0.6144720 0.1933699 0.7648740 -0.7839129 -0.4395737 0.8889829 0.1283913 1.0507361 0.0000000 0.0000000 0.0000000 1.0000000
1556980430.648793 0.2484145 -1.2382593 1.1517667 0.0605548 0.6225408 0.6390318 -0.4476766 -0.5918375 -0.4967636 0.6347868 -1.1992273 0.6475549 0.1759428 0.7414289 -0.7969522 -0.4800011 0.8498647 0.2175521 0.9210228 0.0000000 0.0000000 0.0000000 1.0000000
1556980431.015459 0.2707652 -1.2554389 1.1601377 0.0296966 0.5894745 0.6386281 -0.4937531 -0.5106519 -0.5956385 0.6200399 -1.3288525 0.6656600 0.1825446 0.7235844 -0.7905213 -0.5441796 0.7822354 0.3032759 0.7775519 0.0000000 0.0000000 0.0000000 1.0000000
1556980431.348792 0.2920013 -1.2677237 1.1758199 0.0055164 -0.5637655 -0.6206378 0.5449282 -0.4060456 -0.6826259 0.6075761 -1.4612153 0.6701862 0.2295567 0.7058004 -0.7345750 -0.6212708 0.6937763 0.3642760 0.6326056 0.0000000 0.0000000 0.0000000 1.0000000
1556980431.715458 0.3183155 -1.2752380 1.1707120 0.0549367 -0.5336111 -0.5862039 0.6071295 -0.2567516 -0.7704330 0.5835337 -1.5839074 0.6531736 0.3066939 0.6923172 -0.6273116 -0.7123502 0.5589024 0.4244823 0.4425392 0.0000000 0.0000000 0.0000000 1.0000000
1556980431.982125 0.3297506 -1.2679121 1.1457697 0.0917311 -0.5100914 -0.5564829 0.6493990 -0.1397328 -0.8163412 0.5604121 -1.6310753 0.6291763 0.3638245 0.6868544 -0.5331507 -0.7645992 0.4485741 0.4627843 0.2906352 0.0000000 0.0000000 0.0000000 1.0000000
1556980432.148791 0.3340417 -1.2729310 1.1407915 0.1094984 -0.5100807 -0.5372541 0.6627110 -0.0976485 -0.8237944 0.5584152 -1.6530502 0.6003823 0.3987363 0.6932175 -0.4838056 -0.7937291 0.4029543 0.4556555 0.2582636 0.0000000 0.0000000 0.0000000 1.0000000
1556980432.448791 0.3457152 -1.2770395 1.1305672 0.1558692 -0.5214730 -0.4960401 0.6765463 -0.0359797 -0.8337513 0.5509666 -1.6751995 0.5086251 0.4592981 0.7282484 -0.4126313 -0.8602360 0.3064376 0.4075415 0.2279766 0.0000000 0.0000000 0.0000000 1.0000000
1556980432.815457 0.3615980 -1.2899739 1.1220031 0.2225784 -0.5457733 -0.4450636 0.6741726 0.0080999 -0.8430542 0.5377677 -1.6938237 0.3571447 0.5047544 0.7859202 -0.3598277 -0.9340139 0.1856951 0.3051808 0.2348655 0.0000000 0.0000000 0.0000000 1.0000000
1556980433.015457 0.3761639 -1.2967826 1.1213160 0.2537205 -0.5579259 -0.4190297 0.6698946 0.0262657 -0.8445259 0.5348701 -1.7048053 0.2782970 0.5200800 0.8075070 -0.3357251 -0.9601359 0.1276430 0.2486893 0.2478345 0.0000000 0.0000000 0.0000000 1.0000000
1556980433.315457 0.3939697 -1.3029866 1.1196591 0.2930787 -0.5740215 -0.3812768 0.6627460 0.0502546 -0.8418462 0.5373726 -1.7183874 0.1689125 0.5374658 0.8261956 -0.2912931 -0.9843491 0.0492488 0.1692084 0.2625185 0.0000000 0.0000000 0.0000000 1.0000000
1556980433.382123 0.3995187 -1.3052818 1.1207726 0.3009926 -0.5790566 -0.3715399 0.6603447 0.0533032 -0.8392723 0.5410923 -1.7232237 0.1421053 0.5427231 0.8278030 -0.2761460 -0.9884153 0.0327675 0.1481939 0.2715695 0.0000000 0.0000000 0.0000000 1.0000000
1556980433.515456 0.4051226 -1.3067026 1.1195512 0.3163365 -0.5868871 -0.3518806 0.6570197 0.0634871 -0.8336926 0.5485674 -1.7292575 0.0910774 0.5522225 0.8287069 -0.2430868 -0.9938180 -0.0026501 0.1109896 0.2748967 0.0000000 0.0000000 0.0000000 1.0000000
1556980433.782123 0.4103799 -1.3080903 1.1191242 0.3485338 -0.5983204 -0.3177625 0.6477376 0.0820794 -0.8287231 0.5536072 -1.7372837 -0.0054163 0.5551024 0.8317644 -0.2025008 -0.9966111 -0.0712693 0.0410739 0.2697957 0.0000000 0.0000000 0.0000000 1.0000000
1556980434.048789 0.4324937 -1.3160900 1.1186018 0.3726695 -0.6050131 -0.2910840 0.6405832 0.0984586 -0.8238668 0.5581661 -1.7512312 -0.0780128 0.5527752 0.8296708 -0.1668292 -0.9920786 -0.1252323 -0.0098467 0.2752652 0.0000000 0.0000000 0.0000000 1.0000000
1556980434.115456 0.4329322 -1.3163404 1.1188017 0.3774770 -0.6067632 -0.2847472 0.6389590 0.1015150 -0.8219619 0.5604225 -1.7529324 -0.0941947 0.5528602 0.8279330 -0.1577606 -0.9903646 -0.1368364 -0.0213008 0.2724688 0.0000000 0.0000000 0.0000000 1.0000000
1556980434.315456 0.4348273 -1.3167155 1.1187637 0.3944556 -0.6125796 -0.2651358 0.6315490 0.1088986 -0.8181633 0.5645795 -1.7562711 -0.1483784 0.5482157 0.8230695 -0.1344572 -0.9829165 -0.1734025 -0.0616978 0.2681025 0.0000000 0.0000000 0.0000000 1.0000000
1556980442.382115 1.2125492 -1.0891428 0.8411962 0.0283864 -0.5073344 -0.4916289 0.7071825 0.0018257 -0.7241455 0.6896448 -1.3710382 0.6665398 0.5149904 0.5389893 -0.7007100 -0.7454671 0.4586917 0.4836121 0.9966838 0.0000000 0.0000000 0.0000000 1.0000000
1556980442.782114 1.2363465 -1.0941228 0.8269416 0.0391382 -0.4717222 -0.4852600 0.7351661 0.0840020 -0.7504181 0.6556038 -1.4670513 0.6765686 0.5259820 0.5153619 -0.6871585 -0.7315727 0.4002695 0.5518928 0.8860383 0.0000000 0.0000000 0.0000000 1.0000000
1556980443.748780 1.3170137 -1.0894403 0.8187367 -0.0028240 -0.4862315 -0.5157949 0.7053556 -0.0049308 -0.7248914 0.6888455 -1.3472151 0.7303839 0.4678953 0.4976076 -0.8595912 -0.6830190 0.5055753 0.5271419 1.0187491 0.0000000 0.0000000 0.0000000 1.0000000
1556980444.315446 1.3435297 -1.0393956 0.7599158 0.0178983 -0.5483487 -0.5018672 0.6686724 -0.1051139 -0.6907985 0.7153661 -1.1204071 0.6515404 0.4956180 0.5743326 -0.7966651 -0.7512963 0.5264602 0.3979868 1.2541528 0.0000000 0.0000000 0.0000000 1.0000000
1556980445.448778 1.4294024 -1.0352905 0.7161125 0.1142045 -0.5989587 -0.4492475 0.6529798 -0.1211495 -0.7235065 0.6796036 -1.0625408 0.4498915 0.5702681 0.6873077 -0.5448725 -0.8848279 0.3890149 0.2564118 1.4838988 0.0000000 0.0000000 0.0000000 1.0000000
1556980445.848778 1.4484847 -1.0420284 0.7188334 0.1001908 -0.5554607 -0.4492874 0.6925071 -0.0207915 -0.7335734 0.6792921 -1.2225862 0.5109653 0.5762053 0.6378886 -0.5982388 -0.8593498 0.3603574 0.3628505 1.3594286 0.0000000 0.0000000 0.0000000 1.0000000
1556980446.315444 1.4653928 -1.0114305 0.7037768 0.0500415 -0.4982482 -0.4648038 0.7302068 0.0714124 -0.7286720 0.6811295 -1.3210114 0.6289396 0.5629066 0.5362566 -0.7297077 -0.7741674 0.3900939 0.4984892 1.1781871 0.0000000 0.0000000 0.0000000 1.0000000
1556980446.782110 1.4891522 -0.9890225 0.6839330 0.0141208 -0.4501029 -0.4727964 0.7574111 0.1477421 -0.7289141 0.6684733 -1.3981137 0.7034908 0.5525284 0.4470045 -0.8068630 -0.6951784 0.4042234 0.5944160 1.0284717 0.0000000 0.0000000 0.0000000 1.0000000
1556980447.015444 1.5067229 -0.9860334 0.6723418 0.0088325 -0.4456245 -0.4777980 0.7570005 0.1462556 -0.7312587 0.6662356 -1.3893504 0.7155148 0.5432620 0.4392095 -0.8377070 -0.6831163 0.4124646 0.6026816 1.0307629 0.0000000 0.0000000 0.0000000 1.0000000
1556980447.215443 1.5285122 -0.9802723 0.6613976 0.0193708 -0.4630121 -0.4776993 0.7463564 0.1148463 -0.7310057 0.6726373 -1.3370094 0.6951301 0.5428563 0.4712761 -0.8420687 -0.7096510 0.4134461 0.5704891 1.1126798 0.0000000 0.0000000 0.0000000 1.0000000
1556980449.448775 1.5982065 -0.8597820 0.5324836 0.0069209 -0.4819145 -0.5074572 0.7142813 0.0204912 -0.7316049 0.6814209 -1.0246153 0.7182637 0.4848786 0.4989890 -0.9967473 -0.6954691 0.4792150 0.5354210 1.2384208 0.0000000 0.0000000 0.0000000 1.0000000
1556980449.782108 1.6186024 -0.8471845 0.5096465 -0.0239409 -0.4700960 -0.5199320 0.7128165 0.0173609 -0.7187232 0.6950795 -0.9912364 0.7637413 0.4581950 0.4547050 -1.0797566 -0.6452890 0.5229668 0.5568733 1.2037071 0.0000000 0.0000000 0.0000000 1.0000000
1556980450.148774 1.6217108 -0.8114535 0.4647329 -0.0453823 -0.4645427 -0.5221321 0.7138057 0.0231564 -0.7032377 0.7105776 -0.9384265 0.7875658 0.4506371 0.4203169 -1.1068680 -0.6157953 0.5498936 0.5642811 1.1826150 0.0000000 0.0000000 0.0000000 1.0000000
1556980450.448774 1.6292019 -0.7770855 0.4234623 -0.0434751 -0.4847919 -0.5170028 0.7041270 -0.0046301 -0.6859185 0.7276636 -0.8336120 0.7702240 0.4616361 0.4400536 -1.0824658 -0.6377567 0.5625015 0.5261734 1.2533315 0.0000000 0.0000000 0.0000000 1.0000000
1556980450.882107 1.6274073 -0.7501716 0.4047417 -0.0050610 -0.5554263 -0.4982904 0.6657197 -0.1135834 -0.6578214 0.7445601 -0.6099871 0.6690654 0.5033622 0.5467888 -0.9325421 -0.7344728 0.5602655 0.3829520 1.4605850 0.0000000 0.0000000 0.0000000 1.0000000
1556980451.815439 1.5983303 -0.7263513 0.3902433 0.0810816 -0.5885563 -0.4561702 0.6625224 -0.1089796 -0.6998882 0.7058895 -0.6096479 0.5090038 0.5706691 0.6444005 -0.6505229 -0.8538375 0.4295270 0.2940544 1.5619490 0.0000000 0.0000000 0.0000000 1.0000000
1556980452.915438 1.6018258 -0.6976060 0.3379381 0.2007985 -0.4861190 -0.3888811 0.7563992 0.2249196 -0.7835227 0.5792265 -1.1026148 0.3930748 0.6169028 0.6818527 -0.4297064 -0.8915735 0.0743174 0.4467366 1.3290205 0.0000000 0.0000000 0.0000000 1.0000000
1556980454.348770 1.6065006 -0.6658703 0.3022483 0.2774159 -0.5567358 -0.2995137 0.7234482 0.2006736 -0.7422600 0.6393592 -1.0098764 0.1244706 0.6666639 0.7348920 0.0218299 -0.9717187 -0.0678920 0.2261714 1.4474994 0.0000000 0.0000000 0.0000000 1.0000000
1556980454.782103 1.6052542 -0.6615919 0.2952397 0.1995026 -0.5410708 -0.3518344 0.7373287 0.1669099 -0.7347253 0.6575103 -0.9481443 0.3029450 0.6728225 0.6749327 -0.2404368 -0.9382779 0.0865366 0.3348821 1.4645559 0.0000000 0.0000000 0.0000000 1.0000000
1556980457.015434 1.6324816 -0.6020582 0.2768322 0.0873545 -0.3736124 -0.3764670 0.8432411 0.4373727 -0.7001784 0.5643185 -1.2917725 0.5696314 0.7012836 0.4286274 -0.6263573 -0.6958629 0.1339837 0.7055659 1.0213261 0.0000000 0.0000000 0.0000000 1.0000000
1556980457.548767 1.6033069 -0.5677261 0.2516590 0.0503983 -0.4013635 -0.3837570 0.8301193 0.3832759 -0.6775842 0.6276777 -1.1571518 0.5966720 0.7003812 0.3917253 -0.6576049 -0.7050405 0.2243789 0.6727347 1.0884823 0.0000000 0.0000000 0.0000000 1.0000000
1556980458.082100 1.5801612 -0.5182469 0.2145023 0.0431533 -0.4143135 -0.3942915 0.8191559 0.3457572 -0.6817303 0.6447447 -1.0379560 0.6102144 0.6853441 0.3974191 -0.6943069 -0.7128046 0.2560219 0.6529643 1.1189665 0.0000000 0.0000000 0.0000000 1.0000000
1556980458.582099 1.5812213 -0.5017260 0.1833953 0.0428071 -0.4547180 -0.4162241 0.7862294 0.2399781 -0.6934255 0.6793905 -0.8519652 0.6155648 0.6498501 0.4458416 -0.7290627 -0.7506600 0.3112167 0.5827982 1.2362226 0.0000000 0.0000000 0.0000000 1.0000000
