1556980323.582228 0.0002301 0.0000973 -0.0000952 -0.0000565 -0.0000284 -0.0000254 1.0000000 1.0000000 -0.0000508 0.0000568 -0.0002301 0.0000508 1.0000000 -0.0001130 -0.0000973 -0.0000568 0.0001130 1.0000000 0.0000952 0.0000000 0.0000000 0.0000000 1.0000000
1556980324.215561 0.0415359 -0.0183513 0.0322357 -0.0066434 -0.0038497 0.0211958 0.9997458 0.9990718 0.0424321 0.0074158 -0.0409577 -0.0423298 0.9990132 -0.0134467 0.0205249 -0.0079791 0.0131203 0.9998821 -0.0316598 0.0000000 0.0000000 0.0000000 1.0000000
1556980324.248894 0.0431353 -0.0196676 0.0354152 -0.0059295 -0.0027650 0.0226601 0.9997218 0.9989578 0.0453404 0.0052598 -0.0423849 -0.0452748 0.9989027 -0.0119810 0.0220233 -0.0057972 0.0117303 0.9999144 -0.0349314 0.0000000 0.0000000 0.0000000 1.0000000
1556980332.282220 0.3276128 -0.1018797 0.1340926 -0.0095382 -0.1664770 -0.1319906 0.9771248 0.9097278 -0.2547669 0.3278556 -0.3679570 0.2611184 0.9649750 0.0253068 0.0093722 -0.3228198 0.0625868 0.9443889 -0.0144993 0.0000000 0.0000000 0.0000000 1.0000000
1556980332.515553 0.3510846 -0.1067427 0.1409682 -0.0119410 -0.1536584 -0.1254156 0.9800599 0.9213200 -0.2421599 0.3041841 -0.3921903 0.2494992 0.9682567 0.0151366 0.0136253 -0.2981938 0.0619481 0.9524930 -0.0229675 0.0000000 0.0000000 0.0000000 1.0000000
1556980332.748886 0.3670475 -0.1088314 0.1456927 -0.0059315 -0.1346108 -0.1091300 0.9848530 0.9399412 -0.2133572 0.2664383 -0.4070411 0.2165509 0.9761109 0.0176969 0.0241687 -0.2638491 0.0410634 0.9636895 -0.0390884 0.0000000 0.0000000 0.0000000 1.0000000
1556980333.015552 0.3784338 -0.1187474 0.1424922 0.0129069 -0.1003889 -0.0820952 0.9914715 0.9663649 -0.1653815 0.1969463 -0.4134071 0.1601987 0.9861876 0.0420765 0.0504871 -0.2011847 -0.0091107 0.9795110 -0.0645195 0.0000000 0.0000000 0.0000000 1.0000000
1556980333.248885 0.3811463 -0.1135191 0.1423528 0.0491091 -0.0665717 -0.0548060 0.9950642 0.9851290 -0.1156095 0.1271034 -0.4066956 0.1025324 0.9891692 0.1050304 0.0582584 -0.1378693 -0.0904363 0.9863130 -0.0981224 0.0000000 0.0000000 0.0000000 1.0000000
1556980333.515552 0.3846970 -0.1139081 0.1346774 0.0932112 -0.0519894 -0.0364656 0.9936191 0.9919347 -0.0821578 0.0965174 -0.4039514 0.0627738 0.9799638 0.1890246 0.0620196 -0.1101134 -0.1814413 0.9772175 -0.1099164 0.0000000 0.0000000 0.0000000 1.0000000
1556980337.815548 0.5288225 -0.0966357 0.1164180 -0.0633951 -0.2319071 -0.2015566 0.9495131 0.8111880 -0.3533576 0.4659531 -0.5173668 0.4121647 0.9107120 -0.0269042 -0.1268226 -0.4148423 0.2138738 0.8844002 0.1370858 0.0000000 0.0000000 0.0000000 1.0000000
1556980338.048881 0.5356794 -0.0977878 0.1065079 -0.0853278 -0.1932692 -0.1897366 0.9588358 0.8532941 -0.3308700 0.4030065 -0.5323705 0.3968349 0.9134384 -0.0902903 -0.1136365 -0.3382472 0.2369713 0.9107324 0.1073647 0.0000000 0.0000000 0.0000000 1.0000000
1556980338.315547 0.5504939 -0.0958892 0.1046452 -0.0907850 -0.1703840 -0.1782436 0.9648609 0.8783970 -0.3130239 0.3611575 -0.5513612 0.3748972 0.9199746 -0.1144501 -0.1061863 -0.2964301 0.2359295 0.9254547 0.0889616 0.0000000 0.0000000 0.0000000 1.0000000
1556980338.615547 0.5767296 -0.1057153 0.1041453 -0.1038496 -0.1520405 -0.1647828 0.9689921 0.8994607 -0.2877677 0.3288772 -0.5834181 0.3509251 0.9241238 -0.1511516 -0.0889531 -0.2604268 0.2513662 0.9321979 0.0796850 0.0000000 0.0000000 0.0000000 1.0000000
1556980338.882213 0.6183087 -0.1196297 0.1063484 -0.1130165 -0.1395128 -0.1531226 0.9717597 0.9141793 -0.2660623 0.3057567 -0.6295906 0.3291313 0.9275615 -0.1769245 -0.0737252 -0.2365351 0.2623748 0.9355269 0.0781478 0.0000000 0.0000000 0.0000000 1.0000000
1556980339.148880 0.6563242 -0.1339595 0.1067949 -0.0982001 -0.1289268 -0.1496814 0.9753615 0.9219467 -0.2666657 0.2808980 -0.6708168 0.3173082 0.9359044 -0.1529652 -0.0665479 -0.2221031 0.2301570 0.9474692 0.0754184 0.0000000 0.0000000 0.0000000 1.0000000
1556980339.448879 0.6875380 -0.1349198 0.1054721 -0.0178893 -0.1374473 -0.1393488 0.9804948 0.9233803 -0.2683440 0.2745185 -0.7000180 0.2781793 0.9605237 0.0032254 -0.0620053 -0.2645470 0.0733871 0.9615764 0.0903680 0.0000000 0.0000000 0.0000000 1.0000000
1556980339.782212 0.6872945 -0.1423191 0.1028941 0.0719342 -0.1496873 -0.1288839 0.9776544 0.9219652 -0.2735431 0.2741427 -0.7007997 0.2304726 0.9564288 0.1792381 -0.0407270 -0.3112273 -0.1020689 0.9448383 0.1021601 0.0000000 0.0000000 0.0000000 1.0000000
1556980340.782212 0.6617872 -0.1381809 0.1213944 0.2254218 -0.2056248 -0.1266521 0.9438552 0.8833554 -0.3317871 0.3310597 -0.6706288 0.1463779 0.8662885 0.4776167 -0.0351465 -0.4452603 -0.3734455 0.8138070 0.1442729 0.0000000 0.0000000 0.0000000 1.0000000
1556980342.015544 0.7586107 -0.1687629 0.1082754 0.3431366 -0.2954022 -0.1097348 0.8848463 0.8013917 -0.3969235 0.4474630 -0.7233796 -0.0085298 0.7404310 0.6720782 0.0586585 -0.5980791 -0.5424147 0.5899896 0.2982884 0.0000000 0.0000000 0.0000000 1.0000000
1556980342.848876 0.7614695 -0.1668589 0.1058477 0.4114114 -0.3124899 -0.0801446 0.8524480 0.7918538 -0.3937621 0.4668179 -0.7180868 -0.1204856 0.6486349 0.7515025 0.1204317 -0.5987076 -0.6513249 0.4661814 0.2978739 0.0000000 0.0000000 0.0000000 1.0000000
1556980344.115542 0.7578622 -0.1689799 0.1083243 0.3927404 -0.4424553 -0.0862551 0.8015912 0.5935868 -0.4858228 0.6415847 -0.6014505 -0.2092574 0.6766300 0.7059625 0.1964522 -0.7770882 -0.5533064 0.2999766 0.4629333 0.0000000 0.0000000 0.0000000 1.0000000
1556980344.748874 0.7701056 -0.1590829 0.0985615 0.4311302 -0.4053031 -0.0417307 0.8050557 0.6679759 -0.4166678 0.6166005 -0.6414697 -0.2822858 0.6247706 0.7279948 0.2450279 -0.6885659 -0.6603405 0.2997123 0.3956795 0.0000000 0.0000000 0.0000000 1.0000000
1556980345.448874 0.7672201 -0.1611269 0.1003465 0.3773781 -0.3658507 -0.0878841 0.8461770 0.7168594 -0.4248590 0.5528177 -0.6739185 -0.1273970 0.6997243 0.7029622 0.1399462 -0.6854799 -0.5743524 0.4474782 0.3884674 0.0000000 0.0000000 0.0000000 1.0000000
1556980345.615540 0.7666180 -0.1619369 0.1005561 0.3470388 -0.3692291 -0.1157519 0.8543041 0.7005427 -0.4540484 0.5505270 -0.6659347 -0.0584990 0.7323311 0.6784313 0.0952174 -0.7112087 -0.5074753 0.4864678 0.4141292 0.0000000 0.0000000 0.0000000 1.0000000
1556980346.982206 0.7786975 -0.1287522 0.0483097 0.1432143 -0.4427544 -0.2640916 0.8448159 0.4684483 -0.5730349 0.6724486 -0.4710449 0.3194000 0.8194907 0.4758348 -0.1661921 -0.8237353 -0.0081240 0.5669164 0.6130070 0.0000000 0.0000000 0.0000000 1.0000000
1556980350.682202 0.8861939 -0.1523858 0.0302738 0.0987899 -0.3223015 -0.2787986 0.8992406 0.6367861 -0.5650944 0.5245683 -0.6663089 0.4377339 0.8250238 0.3573862 -0.2730145 -0.6347381 0.0020427 0.7727246 0.5394191 0.0000000 0.0000000 0.0000000 1.0000000
1556980350.982202 0.8773959 -0.1393056 0.0211971 0.0757125 -0.3320733 -0.2806217 0.8973553 0.6219577 -0.5539188 0.5534822 -0.6345993 0.4533505 0.8310382 0.3222559 -0.2888305 -0.6384685 0.0504919 0.7679899 0.5509443 0.0000000 0.0000000 0.0000000 1.0000000
1556980351.282202 0.8652859 -0.1321602 0.0209870 0.0650995 -0.3392530 -0.2832907 0.8946596 0.6093075 -0.5510679 0.5701478 -0.6120201 0.4627271 0.8310168 0.3086982 -0.2970425 -0.6439161 0.0757307 0.7613389 0.5512019 0.0000000 0.0000000 0.0000000 1.0000000
1556980351.582201 0.8451637 -0.1321705 0.0309792 0.0628449 -0.3472804 -0.2913916 0.8891219 0.5889746 -0.5618148 0.5809243 -0.5900319 0.4745156 0.8222830 0.3141426 -0.3020937 -0.6541741 0.0906357 0.7508937 0.5416015 0.0000000 0.0000000 0.0000000 1.0000000
1556980355.415531 0.7635623 -0.1611512 0.1041258 0.3477703 -0.5570912 -0.1457052 0.7399157 0.3368388 -0.6030988 0.7230570 -0.4296764 -0.1718604 0.7156516 0.6769837 0.1760628 -0.9257449 -0.3522992 0.1374105 0.6357825 0.0000000 0.0000000 0.0000000 1.0000000
1556980355.515531 0.7637286 -0.1610881 0.1040810 0.3511840 -0.5602159 -0.1445887 0.7361535 0.3305045 -0.6063566 0.7232554 -0.4253697 -0.1805988 0.7115278 0.6790524 0.1818706 -0.9263643 -0.3550490 0.1256559 0.6372184 0.0000000 0.0000000 0.0000000 1.0000000
1556980356.515530 0.7647219 -0.1611632 0.1041851 0.3471230 -0.6262112 -0.1528376 0.6811797 0.1690003 -0.6429643 0.7470179 -0.3106886 -0.2265249 0.7122927 0.6643234 0.2188113 -0.9592317 -0.2814890 -0.0252698 0.6908125 0.0000000 0.0000000 0.0000000 1.0000000
1556980358.115528 0.7765227 -0.1592592 0.1067582 0.2663624 -0.7047389 -0.2333349 0.6147755 -0.1022043 -0.6623291 0.7422091 -0.1053550 -0.0885347 0.7492117 0.6563866 0.1179935 -0.9908158 0.0013742 -0.1352118 0.7840447 0.0000000 0.0000000 0.0000000 1.0000000
1556980358.248862 0.7765070 -0.1592323 0.1067854 0.2574957 -0.7045075 -0.2455842 0.6140469 -0.1132847 -0.6644157 0.7387275 -0.0967154 -0.0612149 0.7467688 0.6622607 0.0957238 -0.9916750 0.0298029 -0.1252697 0.7881652 0.0000000 0.0000000 0.0000000 1.0000000
1556980358.748861 0.7777262 -0.1591548 0.1069458 0.2255304 -0.6797695 -0.2920122 0.6338599 -0.0947152 -0.6768070 0.7300420 -0.1121295 0.0635723 0.7277299 0.6829113 -0.0066546 -0.9934725 0.1110925 -0.0259009 0.7931005 0.0000000 0.0000000 0.0000000 1.0000000
1556980358.815528 0.7777798 -0.1592338 0.1068678 0.2236183 -0.6733827 -0.2979731 0.6385630 -0.0844644 -0.6817106 0.7267300 -0.1205207 0.0793878 0.7224137 0.6868886 -0.0201198 -0.9932590 0.1157112 -0.0068987 0.7916991 0.0000000 0.0000000 0.0000000 1.0000000
1556980361.848858 0.8864201 -0.2150590 0.0443719 0.0482897 -0.6127454 -0.4296614 0.6615152 -0.1201316 -0.6276336 0.7691843 -0.0626214 0.5092764 0.6261185 0.5904348 -0.3429792 -0.8521772 0.4626572 0.2444224 0.8440401 0.0000000 0.0000000 0.0000000 1.0000000
1556980362.215524 0.9195359 -0.2087624 0.0348697 0.0464244 -0.5913514 -0.4436918 0.6717781 -0.0931180 -0.6510311 0.7533177 -0.0765534 0.5412186 0.6019647 0.5871294 -0.3924754 -0.8357101 0.4623819 0.2962964 0.8546617 0.0000000 0.0000000 0.0000000 1.0000000
1556980362.415524 0.9328548 -0.2093633 0.0318439 0.0510409 -0.5698567 -0.4495702 0.6859626 -0.0537002 -0.6749488 0.7359079 -0.1146492 0.5586047 0.5905628 0.5824056 -0.4160009 -0.8276938 0.4423569 0.3453163 0.8537353 0.0000000 0.0000000 0.0000000 1.0000000
1556980364.248856 0.9855131 -0.2782871 0.0946867 0.0072144 -0.4880548 -0.4955194 0.7184783 0.0325261 -0.7190819 0.6941637 -0.2978942 0.7049978 0.5088168 0.4940480 -0.5999672 -0.7084632 0.4733144 0.5235010 0.7803485 0.0000000 0.0000000 0.0000000 1.0000000
1556980365.115522 1.0711306 -0.2785666 0.0733146 -0.0032931 -0.5212361 -0.5009532 0.6909037 -0.0452824 -0.6887879 0.7235473 -0.1964165 0.6956538 0.4980701 0.5176795 -0.6443438 -0.7169486 0.5267802 0.4566041 0.8812132 0.0000000 0.0000000 0.0000000 1.0000000
1556980365.415521 1.0919006 -0.2961056 0.0804682 -0.0087168 -0.5217912 -0.5143623 0.6805067 -0.0736693 -0.6909572 0.7191321 -0.1820240 0.7091507 0.4707109 0.5249157 -0.6771810 -0.7011976 0.5486432 0.4553159 0.8914559 0.0000000 0.0000000 0.0000000 1.0000000
1556980365.715521 1.1118734 -0.3188177 0.1039380 -0.0142628 -0.5172366 -0.5265179 0.6745678 -0.0895097 -0.6955896 0.7128416 -0.1963342 0.7250986 0.4451509 0.5254263 -0.7189075 -0.6828031 0.5639111 0.4645257 0.8906936 0.0000000 0.0000000 0.0000000 1.0000000
1556980370.082184 1.3121572 -0.3932533 0.1198913 -0.0031953 -0.5143826 -0.4685420 0.7182400 0.0317578 -0.6697640 0.7418946 -0.3940048 0.6763385 0.5609163 0.4774297 -0.7241199 -0.7359060 0.4866098 0.4708007 1.1005403 0.0000000 0.0000000 0.0000000 1.0000000
1556980372.482181 1.3551593 -0.3896329 0.0766396 0.2314389 -0.6457824 -0.3212297 0.6528497 -0.0404466 -0.7183477 0.6945075 -0.2783071 0.1205111 0.6864951 0.7170785 0.0492128 -0.9918877 0.1126992 0.0588025 1.3835704 0.0000000 0.0000000 0.0000000 1.0000000
1556980373.215514 1.3784521 -0.4288633 0.1071572 0.2881512 -0.6318789 -0.2838278 0.6611654 0.0403418 -0.7394676 0.6719823 -0.4447474 0.0111609 0.6728213 0.7397208 0.1938972 -0.9991236 -0.0223417 0.0353959 1.3638694 0.0000000 0.0000000 0.0000000 1.0000000
1556980373.548847 1.3779361 -0.4304315 0.1063403 0.3086704 -0.6086937 -0.2630010 0.6819421 0.1206449 -0.7344744 0.6678265 -0.5533988 -0.0170686 0.6711061 0.7411648 0.2335690 -0.9925490 -0.1008166 0.0684291 1.3169976 0.0000000 0.0000000 0.0000000 1.0000000
1556980373.782180 1.3793657 -0.4315321 0.1051432 0.3217103 -0.5837070 -0.2490121 0.7026960 0.1945582 -0.7255287 0.6601176 -0.6508628 -0.0256095 0.6689910 0.7428293 0.2459125 -0.9805566 -0.1614288 0.1115773 1.2711529 0.0000000 0.0000000 0.0000000 1.0000000
1556980378.082176 1.3382699 -0.5480316 0.2492591 -0.0179574 -0.5858469 -0.5315920 0.6114498 -0.2516133 -0.6290431 0.7355239 -0.1913449 0.6711242 0.4341750 0.6009030 -0.8099843 -0.6973400 0.6448231 0.3129218 1.2086140 0.0000000 0.0000000 0.0000000 1.0000000
1556980378.782175 1.3290792 -0.5534079 0.2676056 -0.0321548 -0.5429092 -0.5472450 0.6361907 -0.1884550 -0.6613901 0.7259806 -0.3098234 0.7312186 0.3989779 0.5532956 -0.8991148 -0.6555944 0.6351219 0.4084314 1.1135198 0.0000000 0.0000000 0.0000000 1.0000000
1556980379.448841 1.3281195 -0.5656759 0.2822445 -0.0433372 -0.4994218 -0.5503498 0.6676937 -0.1046141 -0.6916432 0.7146227 -0.4540041 0.7782173 0.3904739 0.4918415 -0.9515035 -0.6192203 0.6075853 0.4973996 1.0257066 0.0000000 0.0000000 0.0000000 1.0000000
1556980380.115507 1.3326926 -0.6220223 0.3255059 -0.0683427 -0.5202812 -0.5808272 0.6223154 -0.2161056 -0.6518006 0.7269487 -0.3540582 0.7940304 0.3159380 0.5193255 -1.0307213 -0.5681674 0.6894485 0.4492735 1.0398035 0.0000000 0.0000000 0.0000000 1.0000000
1556980380.415507 1.3406960 -0.6443744 0.3415573 -0.0675798 -0.5445017 -0.5865986 0.5956954 -0.2811601 -0.6252736 0.7279986 -0.2746134 0.7724628 0.3026700 0.5582939 -1.0312943 -0.5694298 0.7193218 0.3979019 1.0910383 0.0000000 0.0000000 0.0000000 1.0000000
1556980380.748840 1.3470757 -0.6558943 0.3476183 -0.0591350 -0.5730847 -0.5807762 0.5751313 -0.3314540 -0.6002665 0.7278863 -0.2002443 0.7358239 0.3184041 0.5976471 -0.9901241 -0.5905095 0.7336886 0.3361541 1.1598299 0.0000000 0.0000000 0.0000000 1.0000000
1556980381.448839 1.3335023 -0.6364167 0.3449463 -0.0189886 -0.6366472 -0.5282813 0.5614612 -0.3688015 -0.5690408 0.7349680 -0.1238739 0.6173970 0.4411166 0.6513348 -0.7672420 -0.6948427 0.6939803 0.1886396 1.3031645 0.0000000 0.0000000 0.0000000 1.0000000
1556980384.215503 1.2840455 -0.7001849 0.3863325 0.1816621 -0.7455059 -0.3795238 0.5168960 -0.3996349 -0.6632090 0.6328079 -0.1956939 0.1214884 0.6459211 0.7536753 0.0050984 -0.9085882 0.3780738 -0.1775604 1.4999875 0.0000000 0.0000000 0.0000000 1.0000000
1556980385.082169 1.2762114 -0.7627470 0.4365803 -0.1435457 0.7928541 0.3902977 -0.4454714 -0.5618997 -0.5753546 0.5943365 0.0187771 0.1201113 0.6541247 0.7467893 0.0196108 -0.8184388 0.4910071 -0.2984459 1.5493107 0.0000000 0.0000000 0.0000000 1.0000000
1556980385.548836 1.2918254 -0.7669995 0.4461588 -0.0989180 0.7711388 0.4375304 -0.4518045 -0.5721759 -0.5479153 0.6102488 0.0466326 0.2427974 0.5975648 0.7641765 -0.1962640 -0.7833672 0.5854102 -0.2088797 1.5541764 0.0000000 0.0000000 0.0000000 1.0000000
1556980388.815499 1.2712301 -0.8334628 0.5309074 0.0431587 0.6240633 0.6523935 -0.4278610 -0.6301446 -0.5043999 0.5903377 0.0672455 0.6121350 0.1450402 0.7773378 -1.0699732 -0.4777118 0.8512016 0.2173645 1.2013260 0.0000000 0.0000000 0.0000000 1.0000000
1556980389.215499 1.2493620 -0.8503298 0.5554130 0.0477259 0.6278881 0.6697260 -0.3936315 -0.6855528 -0.4673176 0.5582397 0.1490761 0.5871837 0.0983786 0.8034531 -1.0961992 -0.4303866 0.8785989 0.2069575 1.1698605 0.0000000 0.0000000 0.0000000 1.0000000
1556980389.615498 1.2402827 -0.8604194 0.5625333 0.0550150 0.6516169 0.6623443 -0.3656074 -0.7266092 -0.4126186 0.5493497 0.2371483 0.5560133 0.1165467 0.8229617 -1.0522782 -0.4035942 0.9034173 0.1447376 1.1964688 0.0000000 0.0000000 0.0000000 1.0000000
1556980390.782164 1.2199860 -0.8397394 0.5523137 -0.0054401 0.7375231 0.5657517 -0.3687208 -0.7280307 -0.4252332 0.5377248 0.2341094 0.4091845 0.3597909 0.8385217 -0.6601957 -0.5500357 0.8304982 -0.0879400 1.4170084 0.0000000 0.0000000 0.0000000 1.0000000
1556980391.215497 1.1847829 -0.8488333 0.5706109 -0.0018500 0.7306907 0.5875383 -0.3476873 -0.7582203 -0.4112627 0.5059299 0.2605438 0.4058557 0.3095907 0.8599039 -0.7087305 -0.5102776 0.8573311 -0.0678247 1.3710009 0.0000000 0.0000000 0.0000000 1.0000000
1556980391.648830 1.1577337 -0.8556849 0.5872349 0.0285488 0.7089870 0.6313712 -0.3128782 -0.8025844 -0.3546031 0.4797029 0.3440522 0.4355661 0.2011107 0.8774034 -0.8474240 -0.4076033 0.9131326 -0.0069552 1.2573342 0.0000000 0.0000000 0.0000000 1.0000000
1556980392.882162 1.1553096 -0.8655307 0.6020017 0.0788006 0.6245724 0.7068014 -0.3226943 -0.7793177 -0.3577282 0.5144846 0.2810078 0.5545949 -0.0115555 0.8320403 -1.1516200 -0.2916991 0.9337543 0.2073996 1.0203408 0.0000000 0.0000000 0.0000000 1.0000000
1556980393.315495 1.1021373 -0.8667063 0.6117736 0.0854487 0.5770659 0.7485057 -0.3153296 -0.7865315 -0.3734330 0.4918496 0.2423085 0.5706710 -0.1351243 0.8099852 -1.2415986 -0.2360143 0.9177632 0.3193869 0.8601587 0.0000000 0.0000000 0.0000000 1.0000000
1556980393.682161 1.0629311 -0.8778409 0.6356692 0.1095574 0.5414948 0.7752309 -0.3062641 -0.7883990 -0.3562012 0.5015454 0.2065088 0.5935003 -0.2259714 0.7724599 -1.3202459 -0.1618163 0.9066739 0.3895612 0.7202830 0.0000000 0.0000000 0.0000000 1.0000000
1556980394.082161 1.0642195 -0.8982331 0.6489410 0.1307753 0.5136142 0.7935955 -0.2988386 -0.7871867 -0.3399778 0.5145408 0.1984535 0.6086500 -0.2937920 0.7370424 -1.3899277 -0.0994101 0.8933652 0.4381966 0.6238806 0.0000000 0.0000000 0.0000000 1.0000000
1556980395.048826 1.0435479 -0.8968140 0.6526226 0.1367664 0.5485338 0.7822801 -0.2616170 -0.8257030 -0.2592735 0.5009909 0.3021826 0.5593575 -0.2613344 0.7866533 -1.3314725 -0.0730322 0.9297750 0.3608112 0.6745743 0.0000000 0.0000000 0.0000000 1.0000000
1556980395.282160 1.0195004 -0.8982698 0.6547736 0.1275316 0.5824405 0.7632100 -0.2490166 -0.8434528 -0.2315447 0.4847416 0.3345149 0.5286631 -0.1975076 0.8255338 -1.2569251 -0.0954078 0.9525638 0.2889975 0.7636997 0.0000000 0.0000000 0.0000000 1.0000000
1556980399.548822 0.8377333 -0.9710999 0.7551062 0.1062920 0.6159189 0.7644376 -0.1580541 -0.9274418 -0.1107104 0.3572043 0.3997109 0.3725795 -0.1913256 0.9080634 -1.1836027 -0.0321897 0.9752629 0.2186918 0.8089086 0.0000000 0.0000000 0.0000000 1.0000000
1556980399.948822 0.8079745 -0.9937566 0.7732071 0.0932114 0.6174182 0.7718101 -0.1200646 -0.9537922 -0.0702333 0.2921432 0.4749579 0.3004350 -0.2087584 0.9306765 -1.1698046 -0.0043771 0.9754421 0.2202127 0.8026186 0.0000000 0.0000000 0.0000000 1.0000000
1556980400.415488 0.7892942 -1.0026333 0.7872100 0.1048486 0.6600496 0.7353374 -0.1123396 -0.9527732 -0.0268044 0.3024977 0.4870142 0.3036256 -0.1034286 0.9471610 -1.0889655 0.0058988 0.9942756 0.1066825 0.9082564 0.0000000 0.0000000 0.0000000 1.0000000
1556980402.282153 0.6794757 -1.0372638 0.8213301 0.0064594 0.8711018 0.4538355 -0.1875452 -0.9295701 -0.1589758 0.3326049 0.1935420 0.1814829 0.5879831 0.7882511 -0.1608340 -0.3208789 0.7930968 -0.5177202 1.4658991 0.0000000 0.0000000 0.0000000 1.0000000
1556980402.715486 0.6686925 -1.0417525 0.8231028 0.0004059 0.8917349 0.4111722 -0.1890665 -0.9285073 -0.1547539 0.3375283 0.1818502 0.1562018 0.6618745 0.7331597 -0.0184073 -0.3368607 0.7334667 -0.5903825 1.4752924 0.0000000 0.0000000 0.0000000 1.0000000
1556980402.982152 0.6701476 -1.0433456 0.8222275 -0.0150652 0.8996751 0.3826851 -0.2095469 -0.9117262 -0.1874886 0.3655178 0.1148369 0.1332733 0.7066503 0.6948983 0.0766031 -0.3885788 0.6822708 -0.6192843 1.4814420 0.0000000 0.0000000 0.0000000 1.0000000
1556980403.615485 0.6388830 -1.0520008 0.8404262 -0.0265984 0.9156920 0.3290346 -0.2292092 -0.8935113 -0.1995474 0.4022666 0.0228498 0.1021237 0.7820575 0.6147819 0.2408012 -0.4372737 0.5903955 -0.6783987 1.4706073 0.0000000 0.0000000 0.0000000 1.0000000
1556980403.882151 0.6167214 -1.0500314 0.8472246 -0.0094554 0.9162064 0.3393150 -0.2129359 -0.9091378 -0.1618309 0.3837698 0.0656180 0.1271785 0.7695518 0.6257920 0.1994336 -0.3966032 0.6177384 -0.6790472 1.4685440 0.0000000 0.0000000 0.0000000 1.0000000
1556980404.182151 0.5814699 -1.0502169 0.8509198 0.0225058 0.8965802 0.4030858 -0.1820972 -0.9326682 -0.1064451 0.3446729 0.1372391 0.1871580 0.6740307 0.7146010 -0.0090164 -0.3083858 0.7309939 -0.6087250 1.4649954 0.0000000 0.0000000 0.0000000 1.0000000
1556980406.415482 0.4929874 -1.0331891 0.8907351 0.1075244 0.6989275 0.7070634 0.0005128 -0.9768765 0.1510287 0.1513363 0.5028285 0.1495783 -0.0230004 0.9884824 -0.9779798 0.1527700 0.9882618 -0.0001221 0.9458563 0.0000000 0.0000000 0.0000000 1.0000000
1556980406.915482 0.5136720 -1.0449955 0.8916187 0.1356921 0.6880428 0.7096925 0.0672399 -0.9541329 0.2821632 0.1000715 0.6957450 0.0912847 -0.0441517 0.9948456 -0.9800517 0.2851271 0.9583499 0.0163694 0.8404143 0.0000000 0.0000000 0.0000000 1.0000000
1556980407.382148 0.5220191 -1.0596733 0.8868996 0.1436229 0.7159949 0.6752663 0.1036308 -0.9372663 0.3456232 0.0455692 0.8151033 0.0657098 0.0467760 0.9967418 -0.8687444 0.3423655 0.9372068 -0.0665523 0.8734369 0.0000000 0.0000000 0.0000000 1.0000000
1556980407.848814 0.4863182 -1.0538551 0.8801449 0.1480840 0.7566224 0.6211240 0.1407076 -0.9165450 0.3988811 -0.0289681 0.8915914 0.0492935 0.1845521 0.9815858 -0.6934189 0.3968821 0.8982396 -0.1888126 0.9197859 0.0000000 0.0000000 0.0000000 1.0000000
1556980408.248814 0.4461175 -1.0564041 0.8855032 0.1453374 0.7757388 0.5915720 0.1647691 -0.9034564 0.4204333 -0.0836804 0.9212944 0.0305422 0.2578390 0.9657050 -0.5963781 0.4275906 0.8699166 -0.2457873 0.9458732 0.0000000 0.0000000 0.0000000 1.0000000
1556980408.682147 0.4228926 -1.0675775 0.8932946 0.1402424 0.8005764 0.5597017 0.1616893 -0.9083773 0.4055451 -0.1019013 0.9081248 0.0435541 0.3341321 0.9415194 -0.5027610 0.4158771 0.8508166 -0.3211812 1.0193508 0.0000000 0.0000000 0.0000000 1.0000000
1556980409.148813 0.4238511 -1.0780169 0.8949171 0.1236061 0.8415754 0.5138812 0.1113488 -0.9446459 0.3224879 -0.0603791 0.8020709 0.0936077 0.4412953 0.8924663 -0.3626352 0.3144545 0.8374127 -0.4470552 1.1695404 0.0000000 0.0000000 0.0000000 1.0000000
1556980409.615479 0.3982320 -1.0760455 0.8932768 0.1034351 0.8683493 0.4805744 0.0657186 -0.9699645 0.2428009 -0.0147169 0.6606821 0.1164702 0.5166990 0.8482081 -0.2480752 0.2135499 0.8210176 -0.5294587 1.2713631 0.0000000 0.0000000 0.0000000 1.0000000
1556980410.048812 0.3541706 -1.0625670 0.8957820 0.1001235 0.8684312 0.4827583 0.0524114 -0.9744567 0.2245048 0.0056396 0.5786235 0.1232967 0.5138394 0.8489799 -0.2581803 0.1877022 0.8279895 -0.5283949 1.2866424 0.0000000 0.0000000 0.0000000 1.0000000
1556980410.448812 0.3116072 -1.0369983 0.8941712 0.1050754 0.8253731 0.5516736 0.0580924 -0.9711689 0.2375489 0.0200388 0.5310429 0.1093567 0.3692309 0.9228812 -0.4763983 0.2118305 0.8984649 -0.3845631 1.2095639 0.0000000 0.0000000 0.0000000 1.0000000
1556980410.915478 0.2900316 -1.0314403 0.9056820 0.1062767 0.7547047 0.6447641 0.0583548 -0.9705999 0.2356653 0.0489655 0.4802322 0.0851648 0.1459690 0.9856166 -0.7667973 0.2251282 0.9608095 -0.1617479 1.0722156 0.0000000 0.0000000 0.0000000 1.0000000
1556980411.415478 0.2965943 -1.0245321 0.9249091 0.0878003 0.6983268 0.7095416 0.0343728 -0.9822192 0.1714045 0.0765891 0.3960921 0.0738488 -0.0223163 0.9970197 -0.9669195 0.1726028 0.9849480 0.0092615 0.9493517 0.0000000 0.0000000 0.0000000 1.0000000
1556980411.882144 0.2788845 -1.0266351 0.9333227 0.0661241 0.6592646 0.7488715 0.0137555 -0.9908768 0.1077888 0.0808999 0.3114942 0.0665844 -0.1303619 0.9892281 -1.0756726 0.1171739 0.9855899 0.1219956 0.8653018 0.0000000 0.0000000 0.0000000 1.0000000
1556980412.648810 0.1942085 -1.0191712 0.9534823 0.0543666 0.6180120 0.7842274 -0.0096368 -0.9939028 0.0520836 0.0971829 0.1534443 0.0823134 -0.2359366 0.9682760 -1.1796796 0.0733603 0.9703717 0.2302109 0.7552257 0.0000000 0.0000000 0.0000000 1.0000000
1556980412.915476 0.1688035 -1.0152572 0.9599443 0.0591717 0.6084721 0.7906808 -0.0329269 -0.9908291 0.0199393 0.1336421 0.0592100 0.1240780 -0.2573550 0.9583178 -1.2021581 0.0535017 0.9661112 0.2525208 0.7294143 0.0000000 0.0000000 0.0000000 1.0000000
1556980413.148809 0.1517256 -1.0101461 0.9637012 0.0658739 0.6026577 0.7925452 -0.0658512 -0.9826485 -0.0249813 0.1837876 -0.0532582 0.1837790 -0.2649345 0.9465913 -1.2077377 0.0250446 0.9639428 0.2649285 0.7146112 0.0000000 0.0000000 0.0000000 1.0000000
1556980413.348809 0.1412171 -1.0057360 0.9689422 0.0674824 0.6035376 0.7883809 -0.0982039 -0.9716042 -0.0733879 0.2249432 -0.1545587 0.2363005 -0.2521967 0.9383810 -1.1962500 -0.0121359 0.9648891 0.2623770 0.7179094 0.0000000 0.0000000 0.0000000 1.0000000
1556980413.582142 0.1317374 -1.0048516 0.9739907 0.0656394 0.6104061 0.7793138 -0.1255618 -0.9598514 -0.1155708 0.2555948 -0.2386302 0.2758376 -0.2232772 0.9349123 -1.1712943 -0.0509800 0.9678795 0.2461917 0.7395028 0.0000000 0.0000000 0.0000000 1.0000000
1556980415.215474 0.0447471 -0.9911894 0.9655268 0.0290293 0.7305409 0.6747273 -0.1010459 -0.9778941 -0.0939426 0.1868101 -0.2297272 0.1787711 0.0878007 0.9799653 -0.8671551 -0.1084626 0.9916984 -0.0690655 1.0544990 0.0000000 0.0000000 0.0000000 1.0000000
1556980415.782140 0.0476115 -1.0032717 0.9587226 0.0184295 0.7964319 0.5903956 -0.1295746 -0.9657415 -0.1236449 0.2281562 -0.2968075 0.1823563 0.3021867 0.9356439 -0.6025298 -0.1846333 0.9451959 -0.2692868 1.2152503 0.0000000 0.0000000 0.0000000 1.0000000
1556980416.382139 0.0591559 -1.0299838 0.9614604 -0.0175625 0.8562666 0.4984877 -0.1341979 -0.9633650 -0.1638684 0.2123090 -0.3159198 0.1037156 0.5024031 0.8583905 -0.3139768 -0.2473278 0.8489630 -0.4670019 1.3380527 0.0000000 0.0000000 0.0000000 1.0000000
1556980416.615473 0.0663604 -1.0419025 0.9687167 -0.0281679 0.8760537 0.4631772 -0.1311618 -0.9640063 -0.1708555 0.2037160 -0.3113861 0.0721490 0.5693470 0.8189253 -0.2048904 -0.2559030 0.8041470 -0.5365270 1.3745673 0.0000000 0.0000000 0.0000000 1.0000000
1556980416.882139 0.0725364 -1.0526866 0.9748714 -0.0344609 0.8953285 0.4254293 -0.1273152 -0.9652066 -0.1700349 0.1986564 -0.3026454 0.0466195 0.6356447 0.7705728 -0.0854563 -0.2572992 0.7530232 -0.6056015 1.4017446 0.0000000 0.0000000 0.0000000 1.0000000
1556980417.148805 0.0715521 -1.0547534 0.9774632 -0.0325918 0.9124238 0.3883785 -0.1248309 -0.9667100 -0.1564384 0.2024815 -0.2937520 0.0374882 0.6961998 0.7168685 0.0309242 -0.2531133 0.7005947 -0.6671588 1.4091885 0.0000000 0.0000000 0.0000000 1.0000000
1556980417.348805 0.0701713 -1.0561373 0.9753764 -0.0261470 0.9219497 0.3642186 -0.1291121 -0.9652928 -0.1422626 0.2190232 -0.2961431 0.0458375 0.7333224 0.6783342 0.1096415 -0.2571162 0.6648306 -0.7013499 1.4042746 0.0000000 0.0000000 0.0000000 1.0000000
1556980417.448805 0.0697141 -1.0535824 0.9762979 -0.0272358 0.9277506 0.3493271 -0.1284821 -0.9655011 -0.1403006 0.2193702 -0.2946799 0.0392285 0.7544575 0.6551756 0.1525018 -0.2574271 0.6411783 -0.7229258 1.3992714 0.0000000 0.0000000 0.0000000 1.0000000
1556980417.548805 0.0725174 -1.0560844 0.9757721 -0.0261908 0.9315436 0.3381860 -0.1310372 -0.9642866 -0.1374256 0.2264190 -0.2961389 0.0398342 0.7698886 0.6369339 0.1886762 -0.2618484 0.6232061 -0.7369190 1.3962117 0.0000000 0.0000000 0.0000000 1.0000000
1556980422.415467 0.0863818 -1.0032986 0.9596319 0.0059693 0.7391801 0.6305380 -0.2366410 -0.8879308 -0.2895975 0.3573684 -0.5567939 0.3072471 0.2047723 0.9293371 -0.7129143 -0.3423129 0.9349875 -0.0928456 1.0567389 0.0000000 0.0000000 0.0000000 1.0000000
1556980422.715467 0.0989948 -1.0013938 0.9548495 0.0156248 0.7431466 0.6122336 -0.2695534 -0.8541937 -0.3068362 0.4197675 -0.6235179 0.3532824 0.2498517 0.9015352 -0.6456035 -0.3815033 0.9183821 -0.1050219 1.0577091 0.0000000 0.0000000 0.0000000 1.0000000
1556980423.015466 0.1119365 -1.0011816 0.9502047 0.0222816 0.7395022 0.6085708 -0.2868477 -0.8344438 -0.3161797 0.4513689 -0.6520415 0.3820889 0.2582903 0.8872960 -0.6272870 -0.3971292 0.9128617 -0.0947200 1.0483969 0.0000000 0.0000000 0.0000000 1.0000000
1556980424.515465 0.1492555 -1.0149279 0.9503187 -0.0094130 0.6198112 0.6685880 -0.4107744 -0.6623517 -0.5609462 0.4966183 -0.9424058 0.5376090 0.1058030 0.8365299 -0.7678286 -0.5217919 0.8210634 0.2314909 0.6912103 0.0000000 0.0000000 0.0000000 1.0000000
1556980424.782131 0.1639277 -1.0156738 0.9509221 -0.0228979 0.5989242 0.6566036 -0.4578616 -0.5796769 -0.6286953 0.5183792 -1.0364624 0.5738389 0.1366949 0.8074796 -0.7230809 -0.5785185 0.7655434 0.2815310 0.6046634 0.0000000 0.0000000 0.0000000 1.0000000
1556980425.048798 0.1661892 -1.0195618 0.9544145 -0.0440616 0.5955133 0.6348580 -0.4902835 -0.5153614 -0.6749993 0.5279949 -1.1064820 0.5700422 0.1900278 0.7993380 -0.6638896 -0.6398864 0.7129273 0.2868451 0.5594465 0.0000000 0.0000000 0.0000000 1.0000000
1556980425.548797 0.1663367 -1.0253075 0.9545919 0.0910339 -0.6271219 -0.5807093 0.5110848 -0.4610103 -0.7077621 0.5352965 -1.1599805 0.4794048 0.3089790 0.8214031 -0.5470489 -0.7467533 0.6352990 0.1968621 0.5876664 0.0000000 0.0000000 0.0000000 1.0000000
1556980427.548795 0.2099758 -1.0475564 0.9293202 0.0831529 -0.6846622 -0.5010842 0.5227216 -0.4396954 -0.6377185 0.6324422 -1.1634620 0.4099918 0.4840004 0.7730785 -0.2975082 -0.7991087 0.5992151 0.0486466 0.7502968 0.0000000 0.0000000 0.0000000 1.0000000
1556980427.848795 0.2151632 -1.0497162 0.9270331 0.0984571 -0.6923887 -0.4749113 0.5341941 -0.4098857 -0.6437308 0.6462232 -1.1866126 0.3710485 0.5295309 0.7628368 -0.2311538 -0.8332567 0.5524561 0.0218082 0.7389914 0.0000000 0.0000000 0.0000000 1.0000000
1556980428.115462 0.2236556 -1.0501242 0.9236000 0.0872017 -0.7171245 -0.4577673 0.5182445 -0.4476370 -0.5995396 0.6634556 -1.1422422 0.3494019 0.5656900 0.7469358 -0.1739709 -0.8231279 0.5661687 -0.0437434 0.8190460 0.0000000 0.0000000 0.0000000 1.0000000
1556980428.415461 0.2376841 -1.0494345 0.9141957 -0.0444176 0.7367067 0.4691505 -0.4849620 -0.5256780 -0.5204859 0.6728723 -1.0364075 0.3895948 0.5558497 0.7343345 -0.1805979 -0.7562265 0.6481709 -0.0894193 0.9417028 0.0000000 0.0000000 0.0000000 1.0000000
1556980428.682128 0.2497245 -1.0548965 0.9090842 -0.0079572 0.7297901 0.5034190 -0.4625067 -0.5720485 -0.4772834 0.6670539 -0.9670383 0.4540551 0.4930120 0.7421409 -0.2679806 -0.6830772 0.7274199 -0.0653139 0.9973096 0.0000000 0.0000000 0.0000000 1.0000000
1556980429.248794 0.2743186 -1.0825338 0.9010101 0.0502793 0.6979190 0.5697691 -0.4309804 -0.6234557 -0.4209370 0.6588741 -0.8783053 0.5613005 0.3456702 0.7519667 -0.4573051 -0.5442837 0.8386443 0.0207621 1.0384611 0.0000000 0.0000000 0.0000000 1.0000000
1556980429.615460 0.2891681 -1.0943134 0.8990263 0.0810125 0.6816941 0.5993011 -0.4117867 -0.6477374 -0.3831169 0.6585269 -0.8239780 0.6040199 0.2685504 0.7503603 -0.5553787 -0.4643234 0.8837999 0.0574601 1.0497633 0.0000000 0.0000000 0.0000000 1.0000000
1556980429.948793 0.2898881 -1.0965883 0.8960281 0.1044332 0.6559248 0.6176323 -0.4211730 -0.6234140 -0.3832595 0.6815183 -0.8502170 0.6572608 0.2152480 0.7222717 -0.6016694 -0.4235130 0.8982096 0.1177128 1.0022634 0.0000000 0.0000000 0.0000000 1.0000000
1556980430.282126 0.2973461 -1.0881654 0.8968887 0.1073600 0.6183192 0.6270630 -0.4614620 -0.5510533 -0.4459659 0.7053047 -0.9540110 0.7114971 0.1905317 0.6763650 -0.6108551 -0.4360186 0.8745353 0.2123104 0.8908688 0.0000000 0.0000000 0.0000000 1.0000000
1556980430.648793 0.3161229 -1.0925173 0.8968774 -0.0924062 -0.5732123 -0.6364731 0.5077310 -0.4673407 -0.5403774 0.6997034 -1.0701828 0.7522509 0.1727263 0.6358335 -0.6193620 -0.4644473 0.8235034 0.3257774 0.7543317 0.0000000 0.0000000 0.0000000 1.0000000
1556980431.015459 0.3359778 -1.1084259 0.9022655 -0.0639367 -0.5365996 -0.6355667 0.5513873 -0.3837683 -0.6322700 0.6730205 -1.1791300 0.7695036 0.1839342 0.6115819 -0.6064680 -0.5104764 0.7525974 0.4159459 0.6304135 0.0000000 0.0000000 0.0000000 1.0000000
1556980431.382125 0.3740205 -1.1196949 0.9094332 -0.0171885 -0.5036120 -0.6116630 0.6098753 -0.2555134 -0.7287637 0.6353081 -1.2981961 0.7633890 0.2511458 0.5951160 -0.5455347 -0.5932539 0.6370474 0.4921591 0.4876019 0.0000000 0.0000000 0.0000000 1.0000000
1556980431.748791 0.4184528 -1.0949028 0.8859498 0.0476908 -0.4560207 -0.5601672 0.6899155 -0.0434844 -0.8164321 0.5758019 -1.3858491 0.7294400 0.3678766 0.5767010 -0.4133752 -0.6826612 0.4450904 0.5795414 0.2595478 0.0000000 0.0000000 0.0000000 1.0000000
1556980432.015458 0.4173988 -1.0426472 0.8410912 0.0914276 -0.4028248 -0.5117249 0.7533331 0.1517395 -0.8446572 0.5133510 -1.3757904 0.6973401 0.4595572 0.5500218 -0.2745315 -0.7004941 0.2745202 0.6587463 0.0245474 0.0000000 0.0000000 0.0000000 1.0000000
1556980432.182124 0.4181298 -1.0350302 0.8301241 0.1150746 -0.3937795 -0.4875349 0.7707173 0.2144947 -0.8421313 0.4947797 -1.3720465 0.6608751 0.4981351 0.5613425 -0.2267307 -0.7191913 0.2065825 0.6633910 -0.0361624 0.0000000 0.0000000 0.0000000 1.0000000
1556980432.548791 0.4249530 -1.0265089 0.8223368 0.1845621 -0.4054543 -0.4354441 0.7822608 0.2919904 -0.8309248 0.4736091 -1.3665000 0.5315988 0.5526505 0.6418568 -0.1864264 -0.7950750 0.0643540 0.6030873 -0.0920114 0.0000000 0.0000000 0.0000000 1.0000000
1556980432.715457 0.4212300 -1.0249100 0.8224839 0.2196902 -0.4137793 -0.4141144 0.7804051 0.3145919 -0.8281605 0.4638773 -1.3628371 0.4645474 0.5604910 0.6855987 -0.1851224 -0.8277848 -0.0001908 0.5610457 -0.1129588 0.0000000 0.0000000 0.0000000 1.0000000
1556980433.115457 0.4433076 -1.0238633 0.8174139 0.2908892 -0.4316333 -0.3670063 0.7709621 0.3579982 -0.8170108 0.4520295 -1.3647059 0.3147810 0.5613797 0.7653534 -0.1903792 -0.8790621 -0.1317048 0.4581524 -0.1196529 0.0000000 0.0000000 0.0000000 1.0000000
1556980434.015456 0.5000877 -1.0341600 0.8021428 0.4075062 -0.4680891 -0.2704074 0.7360103 0.4155448 -0.7795436 0.4686514 -1.3899071 0.0165468 0.5216371 0.8530070 -0.1530520 -0.9094222 -0.3467080 0.2296626 -0.0879829 0.0000000 0.0000000 0.0000000 1.0000000
1556980434.082123 0.5006950 -1.0341643 0.8014715 0.4138534 -0.4684759 -0.2651724 0.7341249 0.4204280 -0.7770999 0.4683546 -1.3895280 0.0015786 0.5168179 0.8560939 -0.1524506 -0.9073246 -0.3591865 0.2185115 -0.0922956 0.0000000 0.0000000 0.0000000 1.0000000
1556980434.248789 0.5090832 -1.0358155 0.8007441 0.4298226 -0.4723370 -0.2520519 0.7270626 0.4267351 -0.7725574 0.4701620 -1.3939500 -0.0395271 0.5034447 0.8631228 -0.1495420 -0.9035125 -0.3869089 0.1843006 -0.0883808 0.0000000 0.0000000 0.0000000 1.0000000
1556980434.415456 0.5191792 -1.0307405 0.8039364 0.4494863 -0.4799836 -0.2350304 0.7157783 0.4287530 -0.7679514 0.4758377 -1.3967016 -0.0950327 0.4854456 0.8690865 -0.1489828 -0.8984095 -0.4178435 0.1351558 -0.0729093 0.0000000 0.0000000 0.0000000 1.0000000
1556980435.348788 0.6417179 -1.0363437 0.7784399 0.4730608 -0.5776959 -0.2095773 0.6313148 0.2446896 -0.8111891 0.5311303 -1.4111452 -0.2819521 0.4645817 0.8394444 0.0089430 -0.9277015 -0.3551565 -0.1150381 0.3168086 0.0000000 0.0000000 0.0000000 1.0000000
1556980436.015454 0.6825433 -1.0291665 0.7884026 0.4183016 -0.6186052 -0.2665033 0.6093664 0.0926072 -0.8423234 0.5309569 -1.3487072 -0.1927307 0.5079996 0.8395185 -0.0075154 -0.9768719 -0.1800772 -0.1152972 0.5723286 0.0000000 0.0000000 0.0000000 1.0000000
1556980436.182121 0.7020168 -1.0266864 0.7897587 0.3979777 -0.6173636 -0.2862842 0.6152376 0.0738070 -0.8436595 0.5317811 -1.3379663 -0.1391284 0.5193102 0.8431845 -0.0350731 -0.9875200 -0.1362188 -0.0790482 0.6158307 0.0000000 0.0000000 0.0000000 1.0000000
1556980437.015453 0.7701262 -0.9818767 0.8244786 0.3142289 -0.5875726 -0.3453582 0.6608678 0.0709722 -0.8257369 0.5595726 -1.3267851 0.0872076 0.5639758 0.8211736 -0.1904462 -0.9936588 -0.0094816 0.1120371 0.6635607 0.0000000 0.0000000 0.0000000 1.0000000
1556980437.382119 0.7743977 -0.9417986 0.7938713 0.2784674 -0.5468742 -0.3655109 0.6998473 0.1346607 -0.8161770 0.5618912 -1.3190246 0.2070304 0.5777154 0.7895463 -0.2430304 -0.9690226 0.0100077 0.2467690 0.5639313 0.0000000 0.0000000 0.0000000 1.0000000
1556980437.948786 0.8191037 -0.9605398 0.7912782 0.2441562 -0.4854948 -0.3848433 0.7460417 0.2323809 -0.8112913 0.5364750 -1.3941228 0.3371451 0.5845668 0.7379802 -0.2986048 -0.9123225 0.0093774 0.4093651 0.4323724 0.0000000 0.0000000 0.0000000 1.0000000
1556980438.115452 0.8369222 -0.9592783 0.7938857 0.2334320 -0.4656355 -0.3875356 0.7605979 0.2659995 -0.8069060 0.5273964 -1.4153608 0.3721291 0.5906513 0.7159964 -0.3132634 -0.8892493 0.0058048 0.4573862 0.3866885 0.0000000 0.0000000 0.0000000 1.0000000
1556980438.315452 0.8542413 -0.9593219 0.7863106 0.2199456 -0.4416071 -0.3897879 0.7776069 0.3060972 -0.8004626 0.5153291 -1.4345909 0.4119445 0.5993786 0.6863286 -0.3165704 -0.8582577 0.0022037 0.5132143 0.3317274 0.0000000 0.0000000 0.0000000 1.0000000
1556980439.115451 0.9471422 -0.9780675 0.7476108 0.2501186 -0.3604113 -0.3708137 0.8185607 0.4652018 -0.7873581 0.4045423 -1.5131419 0.4267759 0.5998759 0.6767653 -0.3234555 -0.7755319 -0.1421835 0.6150888 0.1356269 0.0000000 0.0000000 0.0000000 1.0000000
1556980439.315451 0.9940788 -0.9914799 0.7265910 0.2562407 -0.3404699 -0.3720378 0.8246265 0.4913363 -0.7880689 0.3708586 -1.5392439 0.4390999 0.5918572 0.6759411 -0.3408180 -0.7521834 -0.1692705 0.6368419 0.1171778 0.0000000 0.0000000 0.0000000 1.0000000
1556980439.748784 1.0311413 -0.9830890 0.7100427 0.2091419 -0.3314203 -0.3963676 0.8302488 0.4661066 -0.7967951 0.3845285 -1.5369740 0.5195396 0.5983049 0.6100081 -0.3806636 -0.7161167 -0.0845510 0.6928405 0.1633500 0.0000000 0.0000000 0.0000000 1.0000000
1556980440.115450 1.0188677 -0.9469224 0.6848987 0.1270767 -0.3671565 -0.4205270 0.8198808 0.3767062 -0.7828783 0.4951707 -1.4642806 0.5962501 0.6140170 0.5171740 -0.3802853 -0.7089275 0.1004229 0.6980953 0.3392716 0.0000000 0.0000000 0.0000000 1.0000000
1556980441.315449 1.0312555 -0.9062207 0.6464118 0.0410349 -0.5296503 -0.4690415 0.7055401 -0.0010588 -0.7053234 0.7088849 -1.0963182 0.6183867 0.5566325 0.5547595 -0.4918860 -0.7858732 0.4389524 0.4355733 0.9266641 0.0000000 0.0000000 0.0000000 1.0000000
1556980441.915448 1.0725386 -0.8932440 0.6343694 0.0177235 -0.5145772 -0.4877530 0.7049775 -0.0053854 -0.7059500 0.7082412 -1.0740961 0.6694696 0.5235657 0.5269625 -0.5846489 -0.7428200 0.4769839 0.4697924 0.9247441 0.0000000 0.0000000 0.0000000 1.0000000
1556980442.248781 1.0786257 -0.8733090 0.6227081 0.0274737 -0.4789548 -0.4844094 0.7315703 0.0718998 -0.7350763 0.6741611 -1.1393073 0.6824418 0.5291855 0.5042182 -0.5879375 -0.7273951 0.4238225 0.5396951 0.8186426 0.0000000 0.0000000 0.0000000 1.0000000
1556980443.582114 1.1686591 -0.8604330 0.6088715 0.0112525 -0.4299477 -0.4940141 0.7556245 0.1421900 -0.7562544 0.6386402 -1.2057277 0.7369024 0.5116468 0.4418058 -0.6899529 -0.6608758 0.4077951 0.6300368 0.7396075 0.0000000 0.0000000 0.0000000 1.0000000
1556980443.815447 1.1793644 -0.8482322 0.5950212 0.0008940 -0.4509379 -0.5003688 0.7391112 0.0925722 -0.7404626 0.6656918 -1.1333613 0.7388499 0.4992606 0.4525921 -0.7171863 -0.6674812 0.4499489 0.5933084 0.8158336 0.0000000 0.0000000 0.0000000 1.0000000
1556980443.982113 1.1823239 -0.8364349 0.5821608 0.0014273 -0.4684131 -0.4999161 0.7284717 0.0613461 -0.7296867 0.6810243 -1.0793320 0.7270123 0.5001637 0.4704140 -0.7150664 -0.6838784 0.4662550 0.5611743 0.8718640 0.0000000 0.0000000 0.0000000 1.0000000
1556980445.315445 1.2540061 -0.7849097 0.4908385 0.1270759 -0.5598705 -0.4480369 0.6853172 -0.0283842 -0.7563869 0.6535084 -0.8788686 0.4718027 0.5662293 0.6758599 -0.4789427 -0.8812472 0.3275108 0.3407934 1.1948812 0.0000000 0.0000000 0.0000000 1.0000000
1556980446.715444 1.3132992 -0.7467412 0.4604704 0.0278786 -0.4068115 -0.4538970 0.7922781 0.2569637 -0.7419081 0.6193077 -1.1766565 0.6965427 0.5864005 0.4134764 -0.6672733 -0.6699238 0.3251258 0.6674544 0.8152524 0.0000000 0.0000000 0.0000000 1.0000000
1556980447.248777 1.3500097 -0.7361172 0.4320566 0.0303278 -0.4189593 -0.4608409 0.7817794 0.2241977 -0.7459641 0.6271149 -1.1227351 0.6951395 0.5734119 0.4335664 -0.7036719 -0.6830201 0.3387277 0.6471067 0.8918403 0.0000000 0.0000000 0.0000000 1.0000000
